121 142 188 238 105 159 63 103 29 124 215 153 177 57 158 142 87 57 155 190 23 234 92 62 74 226 255 182 238 199 15 187 
31 229 27 125 200 2 254 226 210 138 89 191 208 102 201 88 175 238 237 106 255 187 247 95 248 59 172 235 254 115 238 201 
179 45 237 86 32 156 221 35 239 135 127 114 175 111 90 182 109 39 189 48 64 151 34 101 224 102 195 4 208 97 161 6 
90 83 152 250 94 126 102 55 6 102 85 150 5 220 31 30 229 237 255 85 233 215 247 223 255 181 175 237 127 253 243 175 
82 25 254 153 197 138 84 223 190 128 158 137 205 229 91 159 214 251 219 255 252 246 251 254 207 255 115 254 199 219 219 251 
198 103 75 115 75 82 192 139 224 163 45 96 50 242 225 234 92 171 189 168 200 255 167 118 92 94 214 85 81 125 221 128 
106 69 10 59 67 147 252 139 240 138 13 6 184 230 105 86 199 223 212 62 221 234 38 95 43 97 171 239 174 247 238 191 
181 206 244 78 169 220 5 109 139 89 248 249 190 59 196 188 223 241 93 127 255 242 255 232 243 63 245 250 252 107 135 88 
112 89 54 29 17 161 172 251 143 168 209 191 161 197 201 14 95 53 92 254 254 191 118 53 91 116 87 55 220 119 207 210 
254 237 91 51 75 78 230 175 207 161 127 244 63 231 217 254 255 255 119 119 254 47 255 243 251 255 123 219 206 235 219 223 
40 207 48 58 138 205 32 71 173 96 0 140 21 228 124 158 213 62 215 247 249 106 174 255 106 121 203 119 230 247 194 145 
69 38 84 154 73 130 39 10 35 102 169 38 164 175 133 51 158 214 6 39 255 55 174 179 148 187 122 83 138 19 82 37 
126 210 176 238 255 191 47 116 29 126 88 155 133 94 159 93 119 255 251 255 55 222 219 75 239 255 185 254 255 175 255 127 
176 236 236 44 253 236 60 117 252 89 220 249 238 117 92 140 222 115 219 251 255 243 126 207 246 187 249 186 255 230 183 123 
90 249 94 191 54 163 222 146 127 166 21 142 237 206 121 91 215 221 218 23 215 198 218 135 175 143 51 218 158 235 243 255 
188 242 125 32 220 187 39 126 212 59 208 116 99 84 148 65 247 61 251 54 21 70 93 143 230 167 147 52 111 239 208 215 
178 105 101 22 158 205 89 9 250 47 187 127 255 230 244 240 7 34 69 42 157 168 166 88 224 48 174 35 232 55 233 1 
121 92 62 57 223 231 251 113 152 46 126 30 132 204 73 44 214 57 153 178 207 202 14 47 207 43 251 114 243 194 94 178 
187 223 126 35 55 182 157 186 175 223 211 240 46 191 65 223 63 245 191 41 94 247 251 243 211 222 212 223 220 76 61 93 
60 233 45 60 10 207 117 103 209 36 252 157 81 100 220 232 254 255 247 255 254 175 127 251 207 117 255 251 255 254 254 222 
246 221 198 87 118 231 218 179 147 139 121 223 138 194 65 110 175 222 118 103 255 231 171 219 187 255 170 239 174 79 225 253 
147 214 30 99 188 180 189 176 129 191 81 216 14 93 1 25 223 251 215 127 255 242 223 220 251 191 185 251 239 127 231 217 
191 206 34 39 65 198 162 226 137 133 249 254 178 10 196 236 15 255 239 121 190 245 253 215 185 254 45 140 72 222 191 239 
174 248 239 49 30 237 250 213 253 171 42 200 79 64 121 237 127 253 255 127 60 230 249 219 255 253 237 239 239 251 253 63 
105 246 117 138 219 195 39 88 231 110 168 169 245 40 165 125 103 55 147 159 117 82 143 158 230 206 139 36 33 143 171 183 
47 166 185 106 34 153 116 79 242 26 174 164 244 54 173 115 159 212 8 34 15 187 158 3 163 171 249 238 190 38 100 123 
105 4 109 4 79 103 31 123 181 110 46 3 29 41 48 103 231 28 178 139 203 203 7 203 14 107 170 47 179 142 239 253 
243 199 122 87 35 87 218 171 195 129 253 246 62 254 65 254 229 70 40 130 217 190 39 113 20 127 42 67 128 11 212 37 
140 249 94 49 212 237 250 213 191 139 43 200 78 67 249 249 243 238 57 174 232 158 63 107 219 127 253 219 243 177 84 26 
44 60 227 189 156 172 245 223 252 228 174 171 193 194 251 239 10 217 154 175 223 171 246 219 127 128 167 235 177 82 239 217 
212 246 99 133 244 231 138 241 20 221 208 125 67 2 208 196 119 119 19 191 21 198 15 143 71 238 59 181 33 143 217 183 
198 29 19 23 212 70 138 151 171 131 43 68 2 195 201 179 174 245 255 111 255 183 254 155 245 27 237 235 239 83 183 125 
31 229 123 125 138 132 254 225 219 158 216 191 212 102 201 88 248 221 187 159 6 111 254 255 91 234 127 139 81 196 123 175 
126 57 223 219 223 189 92 63 254 58 52 56 45 194 191 223 69 102 125 41 201 214 166 205 160 106 170 36 80 103 233 165 
254 31 50 51 223 171 134 187 142 129 250 115 163 82 200 245 140 171 147 237 200 107 164 215 104 152 10 71 83 214 251 233 
20 251 85 94 255 249 84 120 222 16 213 59 229 82 206 88 254 43 107 215 234 223 211 163 222 181 119 119 251 242 249 242 
107 60 173 10 254 255 83 85 121 118 7 4 216 20 111 193 238 14 252 242 235 127 118 207 61 112 206 39 189 254 251 247 
150 221 14 147 23 33 212 191 31 195 215 252 43 199 65 143 253 62 246 55 93 238 171 247 232 255 250 117 110 235 203 183 
165 253 247 33 212 236 170 213 235 139 42 200 78 65 201 185 115 223 186 251 253 246 143 159 111 254 131 172 37 207 235 159 
215 45 201 48 72 78 111 102 201 47 91 86 90 239 198 146 253 111 57 50 200 95 39 107 201 103 95 118 83 246 220 230 
222 202 48 228 235 155 38 109 13 113 208 249 51 48 196 220 222 235 223 255 250 251 254 239 221 187 219 255 255 246 219 250 
32 198 34 47 201 134 166 199 164 160 172 137 48 57 61 140 206 137 136 188 203 139 118 103 28 33 215 203 211 244 62 74 
231 110 98 35 193 86 162 199 160 193 43 100 34 187 193 175 69 38 85 161 217 164 39 88 36 111 2 51 129 111 145 5 
199 255 87 127 125 162 207 154 43 253 129 237 46 255 225 223 143 226 207 55 42 147 189 142 241 191 253 225 127 183 49 122 
157 241 221 164 158 161 117 114 87 5 84 219 207 79 148 88 215 61 139 119 222 232 222 177 91 171 255 115 226 198 75 147 
77 117 11 57 222 231 243 210 112 238 4 143 192 204 161 75 215 253 223 127 220 234 254 246 123 187 254 255 238 199 206 187 
12 240 125 44 156 173 117 81 249 12 44 11 193 2 253 105 126 22 236 246 255 255 18 59 183 112 215 55 189 255 44 87 
122 3 244 206 99 27 6 111 39 80 211 51 61 61 14 150 222 123 155 255 255 251 126 254 207 163 255 190 243 214 239 251 
34 177 155 235 176 212 240 69 119 215 13 204 195 149 147 59 127 62 245 60 220 238 47 127 233 124 210 53 108 231 207 211 
58 78 160 142 43 93 0 111 15 112 243 180 49 144 124 238 223 229 56 173 195 199 186 229 19 203 241 249 80 2 135 118 
43 143 149 254 35 155 124 15 115 90 163 163 188 50 47 23 79 251 155 255 255 251 123 222 255 190 169 175 225 206 175 123 
151 63 115 69 240 86 130 195 98 149 43 87 198 117 193 49 215 251 152 122 53 218 94 78 219 187 153 188 98 134 206 155 
233 111 39 84 234 157 5 114 226 125 2 69 90 252 112 193 255 228 253 63 218 173 123 109 249 63 244 251 255 226 182 90 
69 73 220 252 201 138 119 74 57 56 174 43 172 251 206 59 210 121 219 247 247 242 222 254 95 187 255 249 239 195 193 219 
188 43 246 245 42 159 172 231 77 251 211 85 223 228 91 198 123 223 253 250 254 255 127 119 127 126 85 138 221 249 63 95 
94 27 83 243 55 176 173 250 15 190 211 52 37 222 217 211 247 253 127 127 221 106 247 255 251 120 252 187 108 223 207 157 
246 255 103 3 118 183 134 179 203 147 81 250 203 23 208 73 214 95 211 247 253 246 254 223 190 251 11 95 135 215 243 223 
14 200 110 185 139 192 248 207 188 170 132 172 61 231 249 222 251 212 186 127 191 241 127 253 157 251 213 255 178 158 166 95 
67 253 31 219 126 178 215 152 123 244 143 138 236 93 105 27 175 239 251 119 235 220 251 205 255 191 175 239 255 123 254 253 
110 47 228 180 66 79 42 199 237 66 171 54 121 231 251 230 215 47 211 87 208 142 79 239 202 175 59 251 211 231 150 250 
246 78 114 35 227 30 142 167 142 235 83 112 54 162 202 214 218 218 22 119 239 123 254 247 157 185 95 223 31 244 123 250 
1 4 140 8 6 151 14 23 34 14 10 4 0 4 43 3 69 47 158 89 192 211 42 244 42 174 3 14 192 231 171 163 
234 142 164 244 107 203 38 79 45 113 129 237 59 252 38 142 103 239 239 186 223 218 15 78 226 110 185 190 255 239 175 123 
246 29 210 55 87 110 222 183 143 129 123 215 15 199 91 255 199 95 219 255 119 82 91 143 166 234 43 164 47 207 235 255 
164 238 51 49 136 196 160 199 201 235 170 237 66 195 193 174 215 19 80 182 221 98 47 202 38 43 243 115 175 235 130 17 
142 139 154 227 34 213 172 135 45 203 1 204 19 102 51 220 247 253 219 127 253 250 251 255 223 187 223 255 163 223 207 255 
78 248 8 170 23 169 85 18 28 47 22 171 147 142 124 219 223 249 217 255 254 234 251 236 218 61 255 255 255 115 222 248 
181 231 121 240 168 148 101 99 0 95 88 86 210 127 132 52 219 221 207 87 255 227 218 187 251 153 125 223 190 246 100 233 
221 206 70 41 201 75 162 233 137 169 250 219 146 161 206 236 157 250 119 133 223 173 167 248 46 69 222 127 223 127 217 196 
48 203 190 205 35 19 212 235 7 208 215 182 189 52 75 28 254 249 186 251 223 183 252 243 215 171 253 250 243 198 244 95 
3 4 8 2 1 128 0 6 34 2 6 4 0 5 33 17 213 62 217 49 216 250 46 205 234 43 170 54 228 231 203 243 
127 229 82 59 139 4 172 171 130 170 88 190 60 239 201 94 247 237 127 127 232 158 254 161 219 191 117 251 222 99 207 154 
247 78 98 39 1 70 160 171 129 193 123 244 42 171 192 174 214 127 147 119 112 78 250 231 203 171 123 247 66 199 219 186 
130 197 136 2 70 199 210 55 22 129 20 205 26 68 54 12 115 29 186 30 55 94 93 6 198 38 189 176 46 223 6 191 
217 145 208 182 221 162 119 116 21 37 85 217 6 207 150 91 223 250 215 175 223 169 167 252 122 189 222 255 254 255 239 217 
246 127 67 135 118 70 158 179 79 203 83 241 43 131 209 198 231 151 230 79 255 119 143 222 167 222 170 103 169 95 187 101 
183 238 112 38 201 204 15 8 235 47 209 255 174 111 198 156 157 233 223 111 234 249 242 108 249 153 236 237 254 118 236 248 
30 153 220 250 191 189 116 55 31 118 85 154 141 218 159 95 158 250 153 173 255 249 178 121 30 81 247 255 195 18 222 249 
250 2 221 230 233 90 58 111 118 121 215 117 63 181 22 150 31 252 25 171 223 249 242 125 90 122 214 61 228 82 205 241 
114 23 195 63 21 34 14 153 133 170 211 178 173 131 11 23 69 229 159 27 200 214 247 95 115 229 37 200 66 243 135 11 
157 250 87 165 214 161 175 240 106 141 210 253 126 47 240 216 63 52 125 174 63 191 59 125 246 94 255 53 125 30 189 117 
247 30 246 7 127 182 135 191 143 245 215 116 47 159 195 215 46 232 237 173 203 205 243 109 252 125 214 111 253 124 127 236 
248 139 180 244 99 219 39 111 15 81 211 253 63 125 22 158 207 235 78 255 255 243 190 242 108 183 253 254 250 255 245 235 
253 111 51 87 99 151 131 171 207 149 211 246 179 154 209 230 148 49 95 199 248 179 254 242 82 221 87 83 198 119 208 16 
40 11 161 182 130 77 41 71 77 78 43 5 81 204 123 166 124 255 255 251 219 255 103 255 253 254 206 191 255 254 255 239 
255 242 101 244 223 239 39 124 4 117 216 125 123 94 180 196 127 54 223 59 223 243 163 190 230 166 247 54 189 251 171 119 
67 153 153 250 117 186 118 26 114 64 5 138 164 213 46 27 45 238 239 105 155 253 229 95 249 250 172 168 253 183 237 239 
235 78 50 119 235 150 166 131 170 245 3 65 158 253 97 148 141 229 135 135 222 165 160 115 80 77 116 91 210 194 180 73 
251 198 34 39 75 71 162 171 129 161 248 245 50 10 193 110 239 254 239 251 255 191 167 255 125 255 222 255 239 223 255 207 
245 223 118 83 245 183 167 240 143 151 82 248 3 223 209 205 30 155 152 250 63 63 254 7 22 250 95 150 17 86 191 215 
108 150 178 61 95 163 166 223 165 160 137 171 177 214 171 95 67 43 153 250 233 154 102 14 106 50 135 38 240 247 43 19 
122 140 180 174 75 15 63 47 5 100 85 154 157 169 30 30 255 255 255 255 255 191 255 187 79 231 127 254 191 255 223 126 
214 170 205 210 234 223 78 109 110 123 91 248 95 247 150 202 199 244 93 63 221 224 127 92 243 63 172 233 238 235 164 59 
199 253 109 52 212 174 115 82 249 13 38 203 202 203 196 171 191 245 88 190 55 45 124 247 87 197 117 251 54 138 246 222 
97 167 247 95 161 212 168 205 98 251 161 235 238 177 135 63 214 44 0 39 223 202 138 229 74 171 251 119 240 6 203 242 
68 43 209 246 104 218 106 71 109 122 43 37 81 247 251 227 31 142 144 239 171 253 250 101 29 252 86 223 144 90 255 244 
227 198 48 30 3 7 15 64 167 46 33 139 145 168 54 31 219 233 143 143 206 195 223 254 210 143 253 223 251 228 55 104 
50 153 255 63 150 228 212 181 206 128 87 30 141 69 27 156 185 223 254 119 255 253 255 177 253 223 127 219 190 123 121 237 
238 249 122 51 214 239 218 151 239 139 43 200 78 194 249 255 67 19 20 182 205 170 39 94 166 60 170 1 45 253 52 21 
238 4 170 35 203 151 167 199 180 175 44 64 19 106 179 101 46 223 57 253 255 253 247 217 191 84 175 143 209 92 255 253 
7 10 192 138 137 136 15 12 46 110 139 32 40 47 143 151 92 226 177 188 203 135 39 107 7 100 237 187 209 254 183 126 
154 209 19 51 158 165 174 176 199 135 81 218 215 64 51 89 250 31 191 247 166 253 190 181 239 247 87 204 31 182 123 215 
115 23 152 250 127 62 86 51 7 102 87 22 140 221 31 23 111 158 236 250 255 255 39 127 189 126 222 191 189 255 255 239 
94 26 87 243 255 179 175 248 15 190 83 52 13 79 217 211 223 18 146 167 223 227 175 254 6 47 243 113 34 202 162 209 
166 125 119 23 20 108 136 215 235 161 43 69 78 195 203 179 71 62 19 239 253 242 166 220 107 248 138 37 224 87 233 177 
205 133 190 113 195 23 255 196 188 159 40 200 23 104 178 253 189 236 253 45 218 173 247 113 217 125 124 219 210 114 246 76 
109 236 253 254 235 139 127 74 123 124 175 171 244 122 236 252 214 57 221 246 54 174 94 51 127 203 95 211 207 231 94 19 
183 207 34 55 9 196 168 163 137 171 251 253 162 195 64 174 220 57 255 245 240 251 251 255 217 185 222 119 199 215 210 226 
250 56 187 244 234 85 89 206 215 126 175 5 115 216 179 243 250 219 27 255 39 215 223 175 223 183 127 216 51 218 121 254 
153 198 16 76 232 17 160 96 64 17 65 203 210 80 166 8 151 215 24 250 221 122 234 223 38 107 161 234 38 75 230 189 
12 41 61 184 128 141 112 65 120 68 6 7 208 97 125 129 159 244 93 166 222 171 247 122 82 125 214 119 238 95 196 80 
231 239 34 23 205 70 138 151 203 163 185 232 34 195 64 175 147 17 154 215 55 131 223 254 214 133 255 115 247 88 146 82 
189 247 117 89 254 149 135 240 194 253 80 223 220 124 179 64 199 247 85 126 125 34 174 219 226 185 169 235 238 115 134 27 
251 207 118 127 99 71 174 239 139 193 249 251 62 233 198 254 231 255 185 26 221 222 7 95 203 103 175 236 98 223 206 191 
239 236 255 177 202 7 255 202 121 239 172 254 254 239 227 122 194 0 153 182 201 138 126 75 82 59 142 71 242 196 38 19 
133 230 49 64 232 22 35 122 66 85 32 91 194 91 132 40 135 160 185 165 153 200 247 204 223 165 175 255 227 31 150 179 
94 27 194 243 127 114 171 182 13 190 83 20 13 207 219 211 94 250 222 173 255 243 190 246 31 191 217 253 207 142 249 219 
255 191 239 115 254 182 223 181 201 183 87 248 79 87 211 211 222 59 223 119 254 241 250 245 251 187 211 255 254 242 251 243 
23 190 198 3 22 163 131 182 75 135 115 208 78 11 1 195 143 234 11 231 63 251 255 190 29 255 127 245 19 30 249 227 
44 244 107 45 156 165 247 217 253 172 172 171 193 2 249 111 99 215 189 158 239 219 31 94 115 126 169 173 124 237 46 191 
80 130 164 136 201 219 38 109 12 112 208 155 145 61 30 12 108 43 163 245 86 231 167 255 205 188 234 55 211 214 187 231 
34 139 136 250 171 156 77 13 47 94 43 138 185 122 63 124 151 251 79 167 55 122 159 186 111 135 255 246 111 63 89 179 
247 223 102 29 221 110 138 241 139 163 123 222 138 65 207 175 223 244 178 181 221 228 250 245 28 253 244 251 194 202 147 126 
250 131 169 242 107 219 126 47 85 115 221 254 251 244 22 14 28 226 125 172 40 191 63 114 85 126 215 215 221 53 220 2 
77 215 139 121 247 243 251 220 176 158 132 172 32 88 43 107 140 227 13 128 202 219 162 115 64 11 242 82 210 96 244 96 
14 43 146 176 75 203 128 7 14 162 130 100 83 194 249 241 246 125 219 255 55 206 94 175 223 235 123 189 63 231 223 254 
73 84 63 169 220 166 251 208 48 206 5 14 204 137 49 5 252 249 255 55 219 167 254 255 255 171 239 251 247 230 243 255 
212 53 19 53 217 34 46 233 194 105 193 55 226 198 130 80 197 38 49 165 200 38 166 253 64 105 234 71 192 69 131 33 
156 181 207 193 22 119 198 183 65 197 126 212 74 22 19 226 211 219 222 95 53 186 222 182 255 191 93 223 174 191 95 155 
132 102 18 53 201 192 162 193 129 169 170 101 66 67 193 161 20 239 151 206 233 219 164 111 203 88 250 253 115 247 207 168 
13 228 75 41 137 145 244 201 184 186 172 46 208 118 233 97 165 7 180 4 201 207 166 127 166 89 130 101 242 125 160 5 
245 245 103 133 247 231 159 253 94 221 209 253 99 14 208 204 198 227 145 174 201 194 166 75 70 65 173 235 243 114 182 56 
122 138 152 174 107 95 62 47 21 122 84 159 61 188 31 158 133 236 139 171 201 216 165 79 249 113 174 239 243 183 238 169 
112 142 236 200 33 155 7 109 61 240 214 185 189 61 15 142 255 13 186 51 195 235 102 111 157 235 214 255 178 238 166 94 
157 17 204 1 223 105 94 176 60 11 126 62 156 111 139 96 158 241 24 175 219 201 246 109 94 25 252 253 176 86 228 240 
59 158 188 234 127 255 251 54 29 94 86 158 141 93 95 157 119 255 213 94 117 222 15 30 235 70 59 188 46 223 204 191 
107 212 46 189 95 34 251 218 117 238 128 135 232 205 33 15 141 194 125 137 203 221 163 252 190 23 174 76 93 57 253 229 
251 247 35 255 254 183 135 187 69 245 217 255 243 220 53 109 103 255 155 255 53 254 221 159 127 254 47 170 175 223 127 191 
92 50 39 169 220 166 162 245 28 252 86 21 65 85 219 128 135 20 78 183 157 164 215 157 190 253 46 67 141 91 123 183 
231 253 83 35 212 102 170 215 235 139 42 200 6 131 203 191 93 255 223 223 51 219 127 126 251 255 253 188 255 191 175 250 
123 28 177 254 127 175 95 63 71 110 211 151 173 204 31 31 199 31 146 223 213 74 74 207 46 194 171 38 160 207 235 183 
45 230 125 104 168 153 116 73 248 56 172 43 252 119 238 121 95 189 219 59 95 91 222 175 91 186 222 191 252 230 235 250 
163 5 56 230 33 70 127 67 23 92 47 67 1 29 146 52 108 46 175 227 234 255 167 247 253 254 110 7 209 190 251 231 
213 209 124 212 253 171 95 124 30 125 215 121 39 93 212 212 223 114 69 163 223 227 135 252 99 191 210 117 108 47 193 211 
106 143 185 250 43 31 85 75 103 102 133 138 253 252 62 30 111 229 237 254 254 159 95 15 247 102 53 186 221 251 191 95 
136 16 95 133 220 35 247 216 244 141 44 67 207 109 179 65 247 77 170 255 39 94 217 175 159 254 255 183 59 255 91 190 
215 81 92 150 95 170 87 50 38 37 85 218 143 235 148 90 166 237 239 243 252 190 240 211 121 251 102 251 202 243 212 173 
166 202 176 232 43 216 4 79 47 123 128 236 55 62 166 222 6 171 145 190 136 200 44 11 106 34 171 170 241 227 191 59 
156 165 221 2 216 47 102 119 224 65 101 80 86 115 166 192 220 253 253 185 218 175 102 253 251 97 236 255 223 246 254 249 
108 55 243 43 220 38 166 223 160 192 2 33 0 215 171 149 95 53 201 54 30 239 126 115 208 47 87 212 218 198 180 83 
66 49 11 179 21 98 216 159 86 170 179 32 33 195 1 51 93 55 223 83 255 243 162 251 227 186 250 50 252 243 171 99 
220 218 118 1 21 183 166 243 135 187 80 218 135 19 208 94 28 239 125 93 170 157 254 121 250 56 207 47 212 116 237 224 
153 38 137 34 235 81 61 110 193 43 249 116 114 134 130 96 239 63 179 119 255 251 170 223 235 185 171 103 242 214 235 247 
153 138 132 224 233 185 39 108 13 29 210 89 126 61 70 128 4 35 17 138 64 11 38 98 70 4 46 7 209 54 191 32 
152 2 117 228 233 153 38 109 4 121 210 113 127 53 18 144 214 251 155 255 246 250 222 182 207 159 123 218 207 215 95 187 
214 238 68 132 234 141 22 33 25 113 87 217 154 183 84 202 213 206 220 72 233 218 43 106 57 63 250 255 142 187 204 170 
238 255 240 126 252 110 42 87 234 73 1 237 102 199 230 221 255 254 255 107 251 255 255 207 251 251 237 254 255 183 175 255 
43 253 255 235 54 183 255 154 123 222 143 138 237 61 123 27 115 31 223 255 255 254 223 158 110 254 27 6 173 255 123 151 
211 135 212 246 225 154 38 110 38 81 208 251 190 253 6 30 246 251 126 219 235 91 222 235 254 187 155 254 255 231 251 222 
217 211 25 242 116 243 118 118 83 19 93 220 70 212 4 58 92 219 94 253 235 251 255 248 63 190 201 139 157 125 253 219 
243 15 218 115 35 210 137 174 139 155 251 244 62 251 3 190 87 153 218 187 149 184 254 220 47 162 255 186 172 143 207 155 
154 223 18 119 223 97 164 179 138 129 81 220 38 212 64 156 7 238 25 42 9 218 42 75 232 42 131 238 240 39 236 187 
81 131 236 204 233 155 87 108 52 80 214 51 188 121 14 4 107 150 253 250 239 159 95 9 255 126 15 14 189 127 62 85 
71 203 196 222 161 156 13 6 47 126 11 171 140 255 222 143 215 221 222 61 77 202 214 198 59 165 151 207 206 253 79 155 
251 206 50 39 203 71 170 171 139 161 249 255 178 70 70 252 228 206 163 129 201 78 163 239 141 237 250 223 211 169 214 174 
112 239 7 87 235 211 130 175 202 145 249 125 127 115 65 168 108 250 246 175 250 239 182 215 254 48 15 47 245 246 255 221 
104 250 247 141 92 167 167 211 237 228 2 139 197 72 251 77 23 39 145 50 65 146 39 106 194 20 246 49 112 123 129 16 
99 55 184 114 253 180 116 87 243 115 141 36 226 213 128 23 237 4 186 163 201 231 167 247 149 239 78 69 19 142 179 167 
122 25 189 250 223 191 115 63 95 102 215 22 173 216 31 31 254 235 219 255 234 223 251 235 223 245 127 255 247 246 255 250 
122 142 184 234 105 30 63 47 7 118 81 154 61 189 30 158 255 207 187 247 235 255 247 239 157 245 223 255 179 254 238 254 
140 253 254 17 222 239 234 215 249 139 170 204 78 65 251 233 60 244 125 170 27 183 181 123 246 90 236 117 53 126 253 117 
201 195 20 212 201 139 39 124 36 21 128 201 19 124 180 137 215 19 151 151 215 227 143 190 134 143 123 83 143 207 19 19 
4 25 220 132 157 105 250 221 62 10 163 38 45 99 235 225 127 62 254 127 61 254 251 223 121 254 255 183 172 191 203 247 
84 24 142 217 150 189 92 55 157 250 118 152 9 131 31 143 223 253 93 54 223 233 123 121 219 41 223 127 254 231 196 248 
99 15 153 250 40 30 85 71 99 102 7 6 244 245 63 18 158 235 27 255 171 89 248 235 223 186 251 191 241 246 255 250 
87 19 154 85 53 114 216 254 150 154 215 49 32 217 129 19 237 252 255 59 223 103 165 254 228 167 237 254 127 239 247 239 
243 95 50 53 217 100 168 227 138 171 83 93 2 197 193 158 221 225 17 190 203 75 123 106 87 109 253 251 243 106 246 120 
104 217 174 253 127 247 246 223 61 240 174 141 9 212 123 239 223 217 222 191 55 243 255 190 63 175 85 254 190 174 167 218 
231 117 119 53 220 166 239 211 99 239 3 70 206 199 225 19 222 219 146 255 222 165 238 241 30 191 120 155 146 198 219 90 
36 157 254 141 217 197 244 253 190 201 132 109 39 239 187 205 82 58 207 123 254 250 222 255 250 186 223 22 237 245 27 179 
220 206 50 37 201 71 170 225 137 169 120 255 146 2 198 252 83 48 141 42 20 242 118 118 209 162 253 144 104 133 5 3 
183 239 117 66 161 88 13 110 203 3 187 250 126 187 198 190 252 196 124 172 201 143 122 105 181 123 252 223 159 105 212 44 
106 12 216 170 99 95 122 7 53 126 47 6 157 190 62 118 31 48 16 163 159 161 167 120 71 175 218 119 224 14 161 83 
78 35 1 190 74 207 42 7 68 78 3 5 17 70 189 224 205 239 119 205 249 79 247 253 60 93 230 123 223 123 255 204 
99 93 122 175 87 226 159 153 47 202 131 166 173 143 105 215 215 255 223 89 255 115 143 254 171 191 185 254 238 239 235 251 
183 239 232 90 43 220 84 47 201 113 253 248 122 243 6 238 5 238 254 8 25 219 160 127 183 186 174 245 114 187 237 239 
175 213 126 181 23 229 253 154 51 207 129 238 174 205 33 95 204 47 187 249 232 215 166 207 233 243 175 174 211 246 251 235 
246 47 227 115 235 150 142 171 141 235 83 114 155 230 210 198 87 115 93 126 244 186 119 112 114 52 253 186 236 191 134 26 
66 25 157 222 118 63 82 82 122 84 7 135 205 213 127 27 228 255 247 255 220 230 167 255 237 253 200 251 239 247 223 141 
207 108 198 27 203 201 0 129 234 33 161 44 254 227 108 233 75 218 93 170 221 186 39 88 236 39 239 234 237 125 252 153 
255 238 34 47 219 193 163 232 137 229 249 251 178 138 196 236 43 183 237 255 62 181 217 29 243 254 23 132 253 119 57 87 
123 199 236 122 55 219 95 15 231 58 249 184 61 251 44 254 254 96 121 174 34 95 62 205 119 226 223 182 125 54 255 210 
157 112 71 165 214 33 167 252 8 133 82 117 94 39 192 192 223 223 206 107 119 127 138 183 175 159 115 222 30 187 127 255 
223 114 75 163 245 50 167 254 20 155 214 117 35 159 193 195 221 247 21 29 246 175 58 245 91 191 113 219 210 128 246 235 
157 198 144 124 169 216 116 110 144 49 253 249 50 249 134 190 93 218 246 233 253 255 171 246 44 255 210 221 207 217 223 141 
120 156 184 250 223 191 118 115 28 118 86 30 133 220 31 29 252 221 190 191 33 239 254 247 31 207 93 221 23 175 223 190 
134 251 211 211 21 184 132 222 174 129 139 232 163 214 248 219 246 189 255 61 220 230 254 247 223 175 255 219 207 197 219 191 
191 215 239 123 254 55 209 159 163 212 85 218 30 251 39 93 94 51 125 168 95 186 38 123 166 10 210 52 109 103 157 85 
132 255 50 21 157 228 130 213 139 161 171 237 66 67 195 183 196 46 51 37 201 234 170 249 200 43 235 103 226 65 203 161 
240 3 181 214 227 207 15 110 71 85 211 81 127 249 18 148 243 239 113 106 235 94 15 10 235 95 145 234 254 111 102 156 
35 196 52 140 9 14 13 2 38 108 41 129 13 41 92 55 199 39 145 178 201 194 46 73 66 99 169 34 242 226 162 114 
140 255 87 67 248 247 160 215 234 145 46 69 86 115 224 233 70 239 171 221 39 222 220 143 191 251 175 237 83 150 121 191 
220 127 213 118 53 42 44 127 195 33 219 241 38 151 198 219 149 150 222 33 221 240 162 252 25 187 254 127 238 17 131 161 
181 198 52 92 169 220 4 109 154 113 252 251 182 121 198 172 7 115 93 250 188 252 37 94 230 118 7 4 77 255 253 147 
64 11 131 16 0 10 44 66 72 162 11 6 64 132 89 130 246 252 121 167 255 168 159 137 254 105 159 127 173 78 236 85 
145 48 17 36 220 96 243 244 212 12 118 87 193 72 147 49 250 95 18 247 39 255 170 179 78 251 123 199 178 150 120 247 
197 51 135 151 252 99 171 252 68 255 170 103 227 75 147 33 95 91 159 255 247 251 127 190 46 170 251 168 61 202 111 251 
121 191 244 126 246 255 118 119 250 28 124 155 220 248 174 126 110 57 238 253 119 255 254 215 61 238 175 164 91 206 251 239 
199 35 196 118 160 156 37 70 164 53 1 200 27 255 182 203 101 103 117 156 81 47 47 126 133 76 227 49 97 203 220 199 
235 231 31 35 99 211 178 143 243 147 175 228 126 51 97 179 198 231 25 38 99 90 154 143 227 131 175 230 126 51 102 179 
56 143 188 220 99 159 118 111 29 80 214 185 253 116 78 140 251 255 123 127 255 254 223 153 239 251 185 250 175 95 109 221 
169 196 61 120 168 29 117 72 248 116 44 138 213 121 110 61 254 248 127 247 255 239 255 253 189 255 254 255 175 207 246 255 
153 37 153 0 66 83 110 102 211 11 248 116 114 100 130 96 255 247 179 127 255 231 169 255 195 253 209 255 230 218 135 127 
107 80 111 191 223 163 255 218 116 238 137 3 237 205 105 7 222 235 68 254 255 207 86 35 191 53 125 251 159 251 244 222 
191 60 185 34 22 63 88 63 219 91 214 114 242 2 238 215 13 228 189 45 201 169 254 121 249 43 237 235 240 97 175 41 
88 17 153 250 124 186 114 119 66 96 85 146 196 208 31 18 93 58 221 254 248 251 115 126 90 124 214 55 245 247 223 242 
100 43 241 240 104 94 110 71 109 122 43 36 81 247 251 227 66 235 153 250 232 218 34 71 111 50 39 142 241 243 255 186 
183 239 236 86 43 217 81 41 219 49 255 255 254 127 68 238 14 179 155 125 60 242 248 223 243 186 173 239 230 209 163 59 
39 229 249 250 105 146 127 74 115 126 172 171 236 123 135 61 252 250 255 233 255 255 175 255 237 191 249 250 239 157 255 207 
244 237 119 1 193 207 162 239 142 129 255 124 31 167 217 252 213 255 215 85 244 255 254 243 235 149 127 223 206 247 219 235 
239 23 231 113 55 55 141 223 165 135 131 224 79 221 179 199 111 6 101 164 127 191 31 89 164 102 131 36 137 63 180 71 
218 83 26 115 55 176 246 184 140 163 87 208 46 213 65 147 210 203 154 127 235 218 210 135 222 177 31 207 178 214 123 186 
70 0 137 252 36 86 93 10 151 116 61 135 3 159 22 58 243 59 191 215 36 222 223 254 239 255 187 198 239 253 91 179 
110 34 49 174 202 134 39 75 70 108 168 35 241 66 180 113 239 229 171 173 215 167 191 250 149 207 209 251 243 142 166 79 
238 116 111 51 222 229 250 145 249 171 40 201 207 194 240 251 215 34 197 163 221 162 167 188 192 47 242 115 235 107 130 0 
156 250 86 165 23 161 175 180 77 143 210 249 111 15 209 203 158 250 222 239 255 251 254 182 127 189 213 251 255 126 126 216 
190 239 231 173 226 79 134 129 107 217 90 223 223 55 127 252 252 44 191 247 235 255 254 255 93 251 254 119 243 246 251 230 
195 87 147 115 84 118 172 151 225 171 41 64 2 195 3 187 23 21 8 62 21 236 26 53 135 6 123 20 8 15 29 55 
159 248 71 183 223 161 255 248 124 165 215 249 111 111 192 201 70 43 133 190 72 138 38 7 105 96 43 7 200 247 31 163 
43 239 125 126 171 25 124 11 250 58 141 175 252 247 109 219 239 239 255 123 235 91 253 207 251 186 141 174 127 247 239 223 
186 212 58 115 157 176 244 249 158 163 213 250 166 216 65 30 202 201 136 126 235 27 126 3 216 59 95 207 178 118 110 216 
46 190 239 121 158 245 224 213 249 250 174 143 201 84 251 229 159 235 93 122 48 120 252 234 217 154 254 243 124 119 207 242 
15 229 75 59 136 144 245 200 240 166 45 174 208 247 233 106 101 55 253 222 252 191 63 115 102 126 3 6 205 255 191 7 
190 206 34 47 11 197 160 171 137 161 249 253 178 18 68 238 188 186 186 119 235 253 254 61 223 187 254 255 247 94 150 252 
211 221 130 19 87 70 138 183 139 163 49 218 2 130 70 175 199 223 74 51 215 246 138 147 171 163 51 222 138 131 224 255 
121 196 246 59 0 199 171 231 97 239 65 140 222 173 165 46 174 196 45 173 207 231 243 253 53 93 252 207 217 120 55 109 
123 216 124 254 255 191 127 48 31 126 92 155 141 95 92 94 95 219 253 253 247 255 127 124 63 255 255 153 221 189 255 223 
124 248 119 13 30 231 223 243 223 172 86 157 93 140 217 222 253 253 255 255 243 239 255 254 255 255 253 255 255 239 223 254 
126 77 42 123 226 157 246 229 9 194 127 156 16 246 233 238 159 255 207 79 247 251 219 254 251 157 221 253 126 126 238 233 
82 25 153 138 86 47 3 115 6 70 83 22 129 140 95 23 103 109 123 57 217 220 231 205 250 231 174 44 241 255 233 247 
208 89 26 211 49 118 114 243 23 246 127 148 3 155 217 174 239 54 239 243 255 247 167 254 245 255 254 117 111 255 179 231 
252 235 109 208 234 223 87 97 125 127 212 254 223 116 244 200 175 46 51 103 233 252 162 205 248 249 142 103 240 119 235 181 
251 68 72 50 3 74 90 139 81 235 252 240 58 162 100 246 111 55 237 250 55 191 39 126 229 246 215 180 233 159 189 71 
51 207 103 94 5 204 72 123 235 202 219 157 108 229 77 174 252 54 63 247 252 119 251 251 212 127 118 87 195 211 210 37 
107 188 189 168 86 111 127 87 113 110 6 132 92 132 47 219 174 38 117 162 203 27 166 203 230 98 131 102 253 119 235 85 
192 1 17 147 216 8 34 200 10 43 34 19 128 195 194 144 255 254 115 243 255 255 143 249 206 255 250 251 247 222 246 253 
31 227 1 220 130 201 1 104 86 20 212 185 113 218 180 90 255 255 249 126 119 123 126 127 219 58 255 188 102 214 238 251 
47 239 253 126 34 217 124 11 251 58 173 171 252 183 239 123 39 164 253 238 232 158 119 67 114 125 4 203 222 127 182 29 
33 220 93 142 158 173 17 90 115 100 37 139 236 169 108 57 203 30 198 127 255 179 190 159 189 187 251 171 174 175 107 255 
51 159 171 111 239 176 221 170 90 222 247 123 238 89 11 24 152 217 150 31 143 233 252 247 91 185 220 223 254 228 47 234 
44 195 33 172 194 207 35 69 13 76 40 13 17 76 125 236 59 223 247 239 55 255 169 255 255 222 82 213 63 191 249 255 
251 207 118 127 43 199 170 227 137 253 248 253 190 251 196 254 93 32 152 182 201 227 114 118 84 124 214 55 240 222 147 2 
111 54 247 121 252 182 167 217 232 180 162 42 205 243 187 81 83 91 151 254 53 122 43 254 111 230 211 134 109 153 95 155 
59 253 177 46 199 42 46 79 66 66 209 238 242 68 46 89 253 255 245 189 214 239 47 125 217 255 218 255 243 134 222 202 
183 239 57 66 40 92 73 98 202 31 123 86 198 111 196 48 215 250 93 230 252 250 127 116 123 63 123 223 206 111 214 185 
194 11 134 213 235 130 135 204 46 229 171 203 159 253 51 191 123 63 147 254 38 126 45 14 227 238 33 138 125 235 63 27 
64 0 92 133 201 193 112 109 52 33 196 37 61 225 145 132 217 206 215 39 201 227 170 255 232 171 210 95 254 229 195 168 
132 38 253 64 161 29 4 79 182 17 174 97 95 183 182 247 90 59 223 254 35 219 124 79 251 186 143 167 253 247 239 251 
183 206 34 39 9 198 160 162 137 165 250 253 34 139 192 174 164 231 177 37 201 172 166 121 201 65 237 235 226 81 134 45 
67 25 153 154 222 46 91 18 126 110 3 6 133 204 127 25 222 237 153 127 234 255 126 109 217 59 127 219 211 246 222 250 
180 116 127 3 22 37 132 241 214 138 84 112 77 3 209 85 254 255 255 95 247 247 222 251 255 187 255 255 239 215 249 255 
199 245 199 31 28 38 221 214 225 165 1 237 74 207 167 75 231 239 77 118 232 222 127 12 249 63 125 255 238 127 198 186 
112 139 188 216 227 155 87 109 30 80 212 185 177 124 15 140 175 239 223 251 171 145 253 139 251 251 169 238 255 247 225 123 
253 253 127 179 23 101 253 251 121 239 212 254 254 174 224 206 255 61 187 127 115 251 125 238 219 191 223 191 243 206 207 250 
227 0 41 242 105 94 215 200 213 116 175 70 97 93 82 164 165 231 103 71 232 212 167 252 233 213 255 123 238 123 195 160 
231 238 34 19 205 198 130 159 201 171 170 237 98 195 65 173 149 54 17 166 20 38 167 242 67 204 82 83 192 15 147 19 
22 214 70 75 181 176 142 185 143 154 216 191 173 7 77 15 239 243 177 191 223 227 47 220 102 111 169 171 241 202 183 127 
243 29 242 55 221 36 44 231 138 41 81 95 162 196 130 94 175 180 169 39 223 164 255 89 212 47 217 123 227 78 182 85 
111 236 185 174 75 203 115 78 115 100 173 171 244 186 174 126 239 231 103 47 215 231 143 157 233 207 155 238 248 47 107 231 
123 255 144 46 71 42 46 15 66 72 209 175 242 132 46 91 221 254 213 45 253 171 191 252 186 189 215 255 206 63 206 219 
238 253 127 51 222 111 250 215 253 235 42 200 79 194 251 253 231 85 40 54 221 166 119 59 148 37 245 99 162 203 4 7 
196 9 220 144 1 88 88 69 62 154 38 2 141 163 218 179 95 254 155 111 254 243 250 255 217 186 252 191 240 146 239 251 
107 244 45 168 254 191 115 80 121 126 6 14 216 20 126 65 221 175 146 119 249 241 166 245 9 177 95 253 18 214 194 234 
85 55 136 92 253 114 94 55 211 58 255 51 224 213 11 35 95 166 207 107 255 243 246 255 209 186 252 191 248 183 143 106 
88 222 184 248 221 254 102 117 28 116 86 30 133 93 95 157 199 229 27 59 200 22 246 195 211 167 45 250 210 246 247 122 
172 252 118 33 220 237 170 213 184 235 42 73 66 66 249 237 51 197 16 130 9 142 6 35 86 68 20 81 48 123 148 20 
251 221 186 119 118 166 254 183 194 197 85 216 6 222 18 158 12 35 153 248 201 153 38 77 96 114 134 38 240 116 175 1 
166 245 59 3 212 228 130 213 218 203 46 72 66 2 241 245 110 33 249 178 83 199 39 79 167 230 47 54 145 174 179 119 
14 239 153 126 41 88 124 79 251 58 143 173 116 247 239 155 70 146 208 175 221 202 142 73 46 107 171 111 173 111 159 53 
106 140 173 218 234 159 87 7 125 118 5 138 217 252 62 14 195 171 139 126 39 90 28 142 234 186 155 174 122 183 111 187 
173 172 239 163 138 197 253 198 61 239 42 205 27 110 179 236 127 54 255 179 255 183 171 125 230 231 211 50 253 251 179 87 
99 37 41 238 97 222 95 15 83 88 173 33 97 21 12 55 175 230 125 239 233 252 255 205 125 127 236 235 253 127 255 189 
250 221 18 55 35 199 216 163 219 161 125 255 178 198 64 126 124 51 245 186 219 175 39 127 246 124 246 51 253 251 190 86 
34 7 168 198 33 212 221 3 23 222 41 1 129 15 17 39 237 47 253 214 35 223 119 127 255 253 174 229 127 190 254 231 
73 212 127 169 220 177 167 208 120 238 140 138 204 173 105 25 70 217 155 191 117 106 254 223 63 202 175 171 33 199 239 187 
111 245 237 58 22 246 127 81 241 14 33 138 204 139 166 95 243 223 154 127 255 250 223 158 255 191 191 234 174 223 111 159 
0 57 92 130 217 170 124 87 126 10 131 32 45 99 217 145 199 204 178 185 201 10 164 207 46 234 170 175 242 237 239 191 
159 206 192 124 171 216 104 108 152 59 248 251 186 121 6 172 243 223 214 127 253 234 175 222 235 165 169 239 174 255 198 191 
236 244 222 3 221 163 166 155 230 163 133 234 174 71 162 77 150 19 0 214 55 162 222 50 150 159 59 83 139 75 16 51 
25 37 152 66 98 83 126 102 195 10 249 48 112 68 162 112 93 228 157 108 234 251 254 118 209 62 252 219 208 116 175 104 
195 238 147 47 193 138 46 79 105 9 130 239 226 165 206 155 207 238 231 37 223 239 162 255 168 97 243 127 222 243 230 237 
94 26 199 225 253 242 167 254 13 148 86 21 137 31 219 129 195 159 198 175 223 106 134 158 107 192 155 103 46 223 107 153 
33 5 25 87 233 148 125 40 208 125 37 65 50 251 128 4 212 18 214 229 233 242 166 247 54 121 206 71 206 245 147 49 
238 57 186 51 86 231 250 151 255 139 43 64 70 194 251 255 127 50 247 183 223 165 175 252 119 255 210 51 253 239 179 87 
103 37 41 214 97 214 95 15 83 90 175 37 97 214 0 38 103 38 187 111 233 214 186 207 115 250 172 37 96 151 163 55 
23 198 74 43 3 82 130 139 163 194 147 182 188 55 105 118 213 22 177 44 217 110 35 255 131 108 194 23 64 141 143 183 
246 223 230 31 95 239 138 183 139 171 112 217 10 66 76 239 223 250 222 187 222 241 174 244 124 255 82 223 222 239 219 218 
209 32 17 134 200 128 119 36 86 53 86 81 195 155 144 16 223 250 247 173 223 43 175 254 239 175 209 255 255 173 246 219 
182 157 248 166 153 172 244 79 188 65 199 125 47 127 150 221 101 167 177 61 216 238 175 93 232 174 171 173 192 71 175 167 
64 10 130 153 0 220 42 117 12 170 35 0 193 128 89 162 252 169 255 253 114 127 243 247 93 253 86 221 83 242 223 238 
185 214 38 33 157 245 162 241 137 177 120 221 2 21 64 166 141 228 125 33 200 245 179 121 249 255 236 233 222 51 228 33 
91 155 157 250 127 59 119 58 95 118 85 154 173 221 30 26 122 197 189 186 203 191 119 107 117 102 253 138 253 252 63 126 
129 196 12 8 9 7 214 179 16 161 4 201 18 37 4 14 65 148 158 93 236 182 254 177 58 253 47 79 140 117 11 33 
254 236 122 51 200 206 230 231 159 161 126 217 19 226 217 254 215 127 219 247 246 94 95 134 75 239 59 218 222 231 214 218 
247 78 118 55 233 194 173 239 143 177 251 249 47 187 192 190 214 43 147 242 234 90 134 131 74 48 30 87 146 214 251 240 
173 174 247 205 225 23 175 204 105 223 160 233 118 59 163 205 175 103 109 170 23 125 37 255 244 94 254 55 121 63 255 231 
243 222 254 39 127 182 151 187 143 245 87 254 175 31 67 223 215 57 89 118 221 106 126 106 139 43 251 54 174 231 204 242 
226 223 18 31 86 110 138 147 235 139 42 203 14 195 107 191 71 249 223 219 246 154 223 26 235 134 45 170 237 195 253 123 
195 205 10 147 203 130 218 130 58 207 7 70 146 104 97 1 253 255 255 87 254 127 255 247 251 189 127 219 222 255 214 254 
107 221 188 254 118 190 95 19 127 94 7 142 141 221 127 31 172 238 255 231 171 221 245 237 253 249 238 239 255 118 246 236 
48 255 49 222 212 175 46 115 74 76 122 155 193 64 92 185 243 223 135 23 223 231 135 191 206 165 85 223 171 223 22 141 
133 230 90 113 137 208 226 205 185 177 172 236 114 115 225 233 166 55 27 119 189 240 250 137 242 187 167 99 226 83 161 51 
123 31 189 250 127 191 119 63 87 118 87 150 173 221 31 31 255 61 255 243 203 223 251 207 254 239 135 102 255 239 251 247 
216 3 244 244 225 155 38 109 44 81 210 113 63 125 150 132 126 191 253 222 255 223 82 125 127 112 191 187 253 115 255 247 
59 13 191 251 35 29 244 239 91 194 255 148 124 244 107 246 119 255 119 223 255 231 223 255 127 255 147 253 111 207 249 223 
47 229 125 126 34 153 124 11 242 18 173 170 252 247 236 122 63 247 125 32 55 253 53 123 209 30 222 245 124 62 196 246 
83 23 153 250 93 58 38 63 66 98 85 146 160 209 15 27 198 43 155 211 227 82 212 143 115 147 175 102 242 246 35 59 
101 46 177 180 201 202 43 76 110 110 171 38 229 239 139 182 247 23 178 215 253 198 219 253 23 255 147 117 163 79 147 55 
255 79 252 246 35 220 91 33 11 127 123 254 158 239 196 126 222 251 94 231 255 250 254 144 126 223 126 127 175 127 251 241 
190 48 231 165 22 165 173 252 212 237 208 185 221 46 147 86 123 244 103 47 254 165 159 241 220 255 219 123 253 111 217 84 
243 127 253 86 34 94 89 34 211 31 127 214 254 255 70 122 254 249 251 215 114 95 221 231 223 199 87 220 95 246 219 222 
25 71 159 217 42 21 233 231 3 246 113 150 20 248 43 110 223 228 121 172 219 239 190 111 16 123 244 249 82 34 228 220 
2 43 129 182 192 200 1 78 76 68 171 5 113 196 123 177 110 50 177 163 223 188 43 89 222 127 170 55 225 78 186 117 
45 236 127 41 163 149 253 201 249 190 140 174 252 191 237 110 204 239 253 120 202 219 102 79 251 59 174 235 246 246 238 251 
232 142 167 245 235 151 251 205 60 253 134 201 95 120 50 204 254 123 119 247 247 103 255 218 239 205 251 59 255 239 251 223 
99 221 189 158 222 175 95 83 127 110 5 139 205 205 127 31 189 255 127 123 235 253 247 253 255 191 238 237 255 127 253 253 
35 84 42 91 157 228 213 213 180 172 46 1 1 75 249 165 71 243 145 174 201 202 47 78 102 70 169 172 113 206 175 57 
255 35 245 182 219 75 43 110 70 111 251 55 255 235 150 114 253 245 51 117 216 229 255 253 218 109 213 93 215 196 212 220 
67 7 153 250 72 26 102 75 98 98 7 6 208 245 47 19 189 253 255 119 62 253 253 121 253 253 213 253 239 127 244 207 
246 220 102 135 215 231 158 243 29 221 82 217 11 139 208 206 205 238 111 169 223 255 167 255 189 255 254 253 91 63 253 237 
175 175 237 114 162 157 116 79 233 19 143 234 250 247 238 203 187 212 94 151 191 145 158 144 62 239 21 254 190 111 96 95 
216 130 180 196 235 223 39 109 14 125 208 93 23 124 22 132 109 110 239 105 217 255 161 223 173 254 170 36 91 191 249 239 
61 244 125 46 94 239 123 121 210 70 253 54 237 14 221 116 254 127 255 115 255 247 226 255 206 179 215 254 255 210 243 223 
51 191 225 102 182 172 13 20 203 31 122 217 206 1 6 187 12 2 12 168 136 252 32 81 44 118 98 6 128 17 217 161 
68 33 211 158 16 7 4 79 134 128 33 146 17 194 191 95 141 239 197 248 0 123 37 114 49 126 200 223 210 253 166 106 
47 230 125 122 171 153 116 73 251 58 174 175 252 119 239 115 255 254 255 40 111 123 54 255 249 186 254 175 126 181 111 251 
57 231 247 255 2 133 173 230 66 220 120 153 84 226 143 250 143 238 221 43 169 184 181 204 248 63 198 239 252 63 239 153 
69 235 212 252 96 154 126 70 121 28 171 169 76 245 207 171 150 251 103 197 254 255 143 255 254 223 250 117 79 119 217 225 
120 78 54 125 169 129 248 233 156 186 194 63 181 229 201 30 152 208 27 175 223 225 182 252 221 161 253 93 243 84 209 232 
148 122 84 3 22 121 132 240 207 177 86 215 13 23 217 195 8 6 147 185 0 165 160 119 0 250 66 5 64 4 155 2 
255 95 96 118 127 190 15 59 141 123 250 251 171 219 196 239 94 221 154 59 23 235 122 219 27 170 235 174 160 134 239 251 
45 238 125 40 170 153 36 73 248 56 174 175 252 55 237 249 7 39 25 30 34 31 25 70 242 30 37 133 80 58 189 115 
211 53 205 18 22 111 95 54 227 39 91 212 78 231 6 211 110 201 236 190 203 143 127 111 61 110 223 191 185 238 255 206 
126 62 251 127 254 247 250 181 136 186 83 28 12 210 203 214 199 23 75 247 253 178 223 216 191 255 147 119 171 207 193 23 
167 237 35 55 9 196 137 143 207 239 169 237 99 203 208 190 229 229 51 31 200 70 231 247 194 229 45 203 66 203 215 175 
57 255 245 94 182 253 93 119 219 60 126 155 220 254 255 254 62 248 237 232 30 189 245 114 221 255 212 249 223 58 252 78 
253 236 127 191 218 167 247 237 125 253 196 249 127 175 245 206 254 253 255 127 39 223 221 143 255 191 189 232 127 250 125 255 
189 239 117 248 48 127 35 127 113 124 230 245 117 51 252 230 205 57 223 183 19 227 125 94 230 165 165 170 247 234 182 91 
235 236 43 131 202 199 215 199 121 231 44 200 83 40 112 172 196 203 133 112 72 74 38 102 137 43 74 201 66 229 214 138 
111 116 111 171 94 167 223 147 113 238 4 4 93 134 121 83 109 244 253 248 94 191 119 91 245 126 196 183 205 95 189 79 
2 4 0 2 128 68 0 129 166 2 43 4 0 2 121 165 54 34 81 170 17 136 4 15 198 32 185 48 49 55 132 210 
106 217 153 254 118 190 126 19 127 126 6 143 141 197 127 27 119 119 221 222 119 31 95 59 230 70 61 178 189 255 190 95 
75 125 27 253 118 51 255 210 122 206 7 6 212 204 105 83 78 230 138 251 234 151 164 231 80 250 84 153 82 210 183 74 
141 244 109 160 222 173 39 88 121 125 172 235 194 26 228 73 222 219 94 255 255 255 254 247 63 255 127 217 31 255 253 223 
33 197 57 220 201 138 119 72 114 68 173 171 244 121 44 61 197 228 155 39 216 102 179 210 240 165 37 203 195 155 150 43 
215 110 97 240 42 220 1 102 75 119 82 220 82 190 196 250 252 234 243 177 233 146 167 237 77 243 195 252 247 182 209 218 
121 220 188 248 255 255 119 117 29 116 86 158 141 93 95 156 253 253 127 245 250 183 255 234 252 255 196 255 255 111 240 92 
255 118 103 165 223 231 175 249 93 255 210 253 107 143 209 199 243 223 222 223 119 95 223 191 255 255 59 255 63 239 255 255 
45 228 117 46 91 7 39 75 230 108 168 35 61 42 181 117 255 255 231 39 223 231 175 255 220 159 250 127 235 207 211 237 
46 254 108 139 23 253 134 21 127 223 44 233 188 62 253 239 200 202 135 233 232 255 226 243 56 189 106 207 194 241 94 168 
29 156 220 46 220 171 116 119 144 32 124 17 132 195 141 105 230 231 33 138 192 14 6 227 199 68 61 158 209 183 223 46 
133 253 77 54 148 236 112 83 248 5 39 203 194 195 196 171 20 36 49 53 152 164 172 245 208 173 122 81 65 69 145 34 
220 225 207 209 202 147 238 239 84 235 216 120 83 230 178 200 86 241 91 158 20 2 89 139 194 162 53 190 229 195 205 123 
95 123 82 251 63 51 140 190 71 186 83 52 48 206 233 211 214 59 215 167 245 250 175 254 207 143 211 116 111 143 219 147 
252 255 255 119 118 119 253 255 223 189 223 253 127 255 211 254 5 39 117 168 16 124 37 127 224 68 234 48 65 55 153 194 
227 221 126 63 220 102 255 147 242 239 5 206 14 207 100 159 221 109 127 49 202 223 255 227 251 239 87 222 222 231 248 218 
250 139 185 242 99 219 95 47 95 115 221 254 255 188 22 158 62 53 125 190 55 127 57 127 215 222 253 181 125 46 189 118 
89 223 188 252 253 255 127 117 31 118 87 158 133 221 95 159 123 31 254 254 55 255 95 30 127 254 211 180 45 191 127 223 
177 199 177 24 0 156 9 99 130 111 121 222 210 237 22 46 197 238 246 201 200 222 166 115 105 255 106 207 198 183 220 170 
67 70 8 8 40 154 30 1 32 58 41 134 144 132 109 35 240 173 179 93 200 206 102 251 216 33 236 155 227 192 142 42 
203 214 70 77 39 183 142 179 36 223 81 200 14 61 101 15 156 250 87 225 184 185 174 225 105 219 194 223 214 117 233 208 
155 158 142 115 158 244 196 183 152 181 86 88 14 213 2 153 86 187 213 255 188 252 47 125 234 191 91 159 205 199 159 155 
172 2 246 163 136 149 164 197 38 203 0 66 151 102 178 84 252 232 127 247 251 175 255 233 124 255 199 255 255 110 244 92 
215 63 19 118 124 118 42 211 66 125 35 87 194 210 224 115 156 253 127 245 234 127 242 247 157 253 254 223 95 112 246 236 
124 91 102 191 215 231 167 240 13 228 82 159 137 207 217 207 63 246 121 170 31 245 165 125 215 254 212 245 113 30 181 87 
108 219 178 253 93 167 166 223 141 176 168 171 129 210 187 205 93 173 186 125 201 203 247 110 156 189 252 253 242 254 143 108 
231 254 247 223 127 167 215 158 123 245 132 239 174 255 227 223 231 79 254 115 201 214 239 207 174 175 171 110 190 239 227 191 
90 154 128 172 221 234 34 125 12 112 210 31 161 28 30 133 5 238 101 40 200 238 38 112 104 116 196 219 192 53 204 136 
255 214 118 39 255 182 175 251 134 235 209 250 175 143 193 95 45 236 125 44 219 237 245 123 248 120 236 255 253 119 237 237 
104 235 111 251 234 215 253 203 125 254 66 143 253 230 249 202 206 235 147 255 232 234 255 206 125 253 236 235 243 243 254 187 
231 221 118 59 94 102 206 147 43 239 1 206 14 207 101 159 141 236 155 110 40 219 244 111 209 177 229 233 114 178 166 138 
231 239 163 23 205 198 138 159 203 163 171 236 98 195 67 175 242 215 53 222 100 78 14 55 103 69 25 205 79 117 86 159 
172 245 42 49 150 229 234 213 157 203 40 232 67 66 241 237 86 43 145 214 32 218 4 111 206 32 187 50 243 179 222 178 
188 248 119 165 214 165 164 247 220 197 214 253 83 6 240 204 62 49 89 130 23 169 0 57 86 64 150 117 53 22 176 85 
48 159 181 206 182 189 5 127 79 84 122 153 77 80 94 172 21 251 223 221 160 153 221 122 235 131 173 234 255 245 237 59 
67 15 136 24 37 126 9 54 133 14 59 4 8 141 29 167 58 255 255 126 55 127 125 63 247 158 253 240 127 250 60 126 
126 230 116 126 106 207 34 39 134 48 82 21 29 119 221 244 189 255 125 244 182 253 125 113 91 117 87 255 223 119 212 218 
89 134 132 236 233 155 38 101 28 120 212 155 144 60 14 12 158 42 111 177 57 184 172 235 156 187 210 115 251 103 208 192 
238 250 245 162 222 239 10 89 110 107 139 110 255 198 246 249 186 250 93 170 255 251 174 89 110 123 251 254 253 22 252 249 
215 239 155 119 34 214 209 162 203 149 117 222 210 218 211 122 109 108 127 185 10 55 239 210 121 254 194 135 220 229 249 67 
38 237 91 27 3 16 212 139 242 130 141 174 188 182 239 94 247 127 255 92 53 126 93 255 139 230 255 182 78 223 207 191 
130 192 10 3 139 148 220 129 182 143 45 70 146 46 49 36 246 38 241 54 203 142 6 75 198 33 145 115 243 226 182 94 
147 30 134 87 175 241 140 181 11 187 83 76 14 253 66 134 222 48 211 51 223 226 43 220 238 175 209 190 239 207 179 91 
107 84 39 169 222 39 175 210 37 238 128 3 201 205 49 13 90 155 153 250 111 251 38 127 78 114 215 132 113 84 127 147 
78 56 229 172 22 47 39 86 172 164 175 1 73 8 187 231 191 54 117 166 190 253 59 124 236 127 209 127 253 46 182 118 
140 147 130 241 149 181 164 213 36 203 0 74 131 70 178 69 188 239 51 117 203 237 234 249 221 187 250 251 243 64 244 236 
231 253 115 51 84 238 138 151 235 139 43 200 78 195 201 187 126 239 187 251 34 223 162 111 207 227 215 252 243 182 255 254 
237 220 126 119 223 231 247 217 190 189 132 111 167 94 240 221 59 23 252 254 55 119 125 63 231 254 249 164 61 222 49 247 
88 16 12 24 6 251 58 113 160 42 123 6 156 164 45 35 60 32 117 42 17 171 35 127 196 32 252 52 113 38 148 98 
199 239 35 21 204 198 138 191 203 163 187 236 66 195 65 171 243 95 187 95 37 86 216 191 195 170 187 132 98 193 75 191 
233 54 221 18 148 189 39 85 234 39 6 64 102 151 166 195 15 229 221 62 3 11 125 79 242 10 165 163 125 227 175 91 
43 47 217 122 42 24 124 15 235 50 139 162 124 247 110 219 93 233 247 125 249 167 255 234 157 191 208 191 215 237 217 78 
9 5 36 52 1 131 47 107 132 10 208 67 147 105 0 6 123 216 222 187 127 183 159 134 62 254 56 137 29 42 63 223 
43 253 127 255 182 181 247 152 123 212 135 139 253 124 121 89 57 244 255 239 255 177 255 248 114 255 213 239 236 93 35 25 
19 191 129 170 196 174 6 55 74 64 123 0 64 68 78 177 125 14 253 253 235 253 123 125 28 125 215 31 221 253 223 230 
155 253 215 59 218 139 132 227 106 131 209 254 254 102 239 216 103 37 249 50 17 174 35 74 240 4 198 53 224 107 132 23 
247 238 125 66 232 220 91 96 219 63 91 222 222 111 204 248 173 239 127 101 170 189 253 120 249 223 239 239 223 125 244 109 
219 91 221 244 54 251 121 126 87 191 223 213 127 220 116 251 115 212 89 10 95 150 23 13 230 102 21 132 45 15 37 21 
100 171 245 190 192 204 41 78 105 76 168 175 237 231 159 186 243 63 178 55 221 230 171 246 202 173 219 127 226 207 131 63 
244 171 237 210 235 219 87 108 92 91 214 120 123 115 134 200 214 171 155 246 225 90 126 238 94 83 255 254 103 247 150 186 
157 167 85 130 138 205 41 104 98 79 82 117 95 107 180 96 197 229 27 241 232 214 243 201 184 95 46 79 211 115 240 161 
171 175 237 114 34 157 118 13 248 17 135 234 254 119 38 201 221 253 223 125 242 115 247 246 112 157 252 251 94 251 135 234 
248 255 231 245 54 181 228 247 73 209 85 216 66 212 193 202 185 223 246 119 168 237 252 247 255 189 95 223 222 253 219 190 
153 223 50 117 29 226 164 251 129 161 208 217 38 213 64 158 186 250 118 231 255 185 219 136 255 253 254 127 255 127 240 117 
231 54 244 118 125 170 95 28 182 63 131 225 46 79 166 215 109 191 255 220 54 255 125 127 251 252 175 143 221 245 255 239 
230 138 162 215 233 214 130 137 46 241 171 110 179 247 115 173 189 245 253 172 138 173 117 127 243 93 236 235 255 113 182 93 
108 140 254 221 106 87 243 231 189 252 44 153 29 251 187 238 254 239 243 123 250 63 46 227 205 63 249 250 243 214 182 94 
102 248 124 174 223 234 30 25 110 106 129 170 237 7 252 221 237 253 255 253 219 231 255 255 253 221 236 239 255 237 247 237 
231 108 35 51 200 70 170 135 192 239 43 100 2 195 193 164 14 34 33 160 11 25 32 111 132 122 242 48 81 50 185 68 
96 5 229 150 200 206 11 5 37 108 43 7 141 237 27 38 111 37 177 178 203 135 35 79 102 100 133 34 241 234 182 85 
197 246 37 136 214 165 7 92 97 69 168 235 194 26 166 107 67 16 29 142 45 146 31 24 102 102 165 32 237 41 4 19 
163 47 213 70 32 152 20 79 227 17 143 224 126 183 166 155 62 50 125 162 23 191 39 125 230 78 210 48 109 11 185 85 
35 197 152 58 3 8 84 15 242 32 141 174 60 246 47 94 123 100 13 42 203 203 34 41 193 34 255 54 248 39 77 34 
19 21 92 8 5 130 18 55 178 0 21 4 12 61 9 23 141 230 117 33 136 237 161 241 184 61 238 95 192 113 212 160 
228 91 32 182 21 110 44 83 36 75 43 69 3 135 244 167 103 255 125 126 253 218 95 79 234 122 139 172 108 247 237 155 
46 252 187 47 156 236 184 215 248 234 47 142 192 130 251 191 109 236 101 41 222 237 227 117 216 53 254 93 201 85 223 232 
252 3 178 245 234 135 172 231 7 249 83 81 87 240 146 214 13 226 77 139 186 213 189 244 253 191 46 253 93 63 249 227 
244 215 102 81 223 183 134 241 140 187 80 218 139 83 209 76 127 53 253 50 87 39 39 123 198 4 214 50 125 123 144 86 
134 165 157 198 3 200 90 13 123 91 134 103 255 103 38 49 35 5 40 10 3 71 4 111 134 66 149 4 48 44 37 6 
38 16 100 143 23 225 155 29 39 192 163 160 41 11 249 231 188 54 245 224 190 253 34 117 92 127 82 119 211 22 178 100 
159 223 10 65 55 243 208 183 19 145 126 213 18 18 97 233 10 0 173 160 15 245 163 93 180 126 194 5 73 9 57 5 
247 252 91 3 23 98 156 191 203 131 211 252 46 135 193 222 191 230 125 34 11 29 164 105 242 90 214 119 124 55 236 212 
175 231 119 55 11 197 169 207 231 239 169 224 127 107 241 247 61 244 125 124 190 253 125 121 220 62 253 63 237 79 223 116 
194 253 215 26 87 10 12 143 106 130 1 168 46 231 239 219 58 182 242 119 255 228 218 29 223 251 209 125 174 78 33 117 
247 207 100 94 235 222 11 42 143 47 121 254 187 239 212 110 94 152 163 189 223 239 139 252 14 239 211 159 193 204 123 255 
248 138 253 230 235 155 63 111 127 113 213 249 127 181 22 156 62 242 125 174 55 117 189 127 213 158 253 245 125 30 253 247 
46 248 171 43 30 229 184 215 217 170 42 140 65 134 251 235 239 238 126 115 249 246 243 207 189 183 175 232 62 251 225 255 
73 143 189 248 171 153 116 78 121 114 132 138 252 245 47 11 76 143 214 253 251 251 174 223 44 249 171 111 158 246 235 237 
4 52 43 25 156 165 228 217 241 162 172 34 193 66 185 97 133 231 27 113 217 240 234 217 136 11 171 108 194 67 193 161 
152 26 198 215 190 185 132 176 159 189 126 83 143 253 91 226 69 23 214 49 221 162 38 121 164 33 195 50 142 207 128 7 
247 63 246 49 92 230 166 247 207 167 83 244 78 207 147 159 163 206 143 79 39 217 157 159 249 251 15 207 186 189 111 143 
191 222 200 106 191 248 56 61 153 59 120 248 42 147 134 239 157 231 17 38 33 89 164 111 194 144 199 245 114 54 228 210 
212 2 132 196 233 206 35 100 12 85 82 85 147 125 150 132 84 218 5 233 221 250 103 121 152 123 210 95 193 85 76 9 
94 27 138 171 22 178 165 182 5 132 87 148 1 158 155 75 141 237 239 93 183 249 253 222 249 159 175 239 242 222 239 235 
254 53 123 179 223 163 230 251 86 225 252 113 231 86 129 84 151 218 25 36 45 122 186 254 154 187 247 249 98 17 70 154 
248 222 246 119 255 191 166 251 141 177 254 219 175 213 218 255 63 47 255 119 234 223 222 43 251 248 223 119 252 118 107 116 
249 125 127 177 23 231 251 251 253 255 214 253 127 169 241 222 156 241 127 253 234 245 255 237 254 253 236 251 215 114 247 248 
92 83 214 155 119 51 175 182 6 174 81 158 13 142 155 75 87 59 215 155 213 186 140 190 106 202 187 48 46 199 203 155 
218 137 137 214 102 219 87 38 6 69 93 220 31 252 54 218 123 81 152 254 119 62 95 22 86 110 93 150 45 206 63 95 
75 20 169 184 220 174 127 83 52 110 7 6 193 204 63 7 32 32 21 138 18 5 7 125 230 68 4 1 49 18 187 67 
22 251 216 232 252 248 124 118 220 30 248 184 97 94 223 249 216 196 29 69 202 235 246 249 248 57 254 79 222 117 102 32 
44 238 111 105 190 245 240 209 249 186 174 174 201 81 249 233 59 254 127 239 255 241 223 157 255 251 248 253 189 94 233 253 
190 250 247 247 191 213 221 207 127 253 149 253 63 255 242 221 253 63 247 247 248 231 103 255 204 125 248 59 255 255 147 110 
95 92 42 57 223 226 123 59 152 170 252 60 40 141 73 175 248 153 255 145 18 103 253 254 244 159 238 193 95 237 179 239 
76 33 145 252 2 73 96 70 64 32 15 5 81 196 63 178 223 219 154 123 255 251 166 222 142 179 135 238 178 222 239 219 
109 52 119 49 216 230 35 118 208 110 226 53 64 201 145 103 61 240 125 40 57 243 247 122 246 178 237 246 245 63 165 115 
132 148 126 129 156 181 212 209 54 225 44 66 130 87 178 69 196 66 16 131 200 202 2 129 10 43 42 6 128 195 217 161 
114 139 204 218 99 155 86 47 55 112 213 184 61 189 15 142 135 210 9 163 253 120 166 184 8 19 127 66 130 87 66 33 
232 205 175 245 200 135 251 203 112 251 132 207 243 224 240 10 250 202 246 231 235 203 251 239 127 249 247 251 191 251 254 220 
173 228 127 113 202 213 227 205 252 181 174 104 95 123 240 229 239 239 110 113 235 215 243 195 189 183 173 232 94 251 240 237 
149 111 125 80 0 92 1 98 195 23 122 86 198 255 196 34 61 230 117 172 152 173 165 121 244 124 196 123 213 127 221 68 
65 5 140 16 0 71 40 119 1 6 35 0 0 129 19 7 38 39 192 50 29 162 168 75 228 10 131 100 160 67 161 21 
121 150 189 248 223 191 103 121 92 118 214 30 237 93 31 21 127 63 255 254 127 126 127 191 107 254 251 182 236 255 15 191 
195 15 153 86 226 222 91 66 234 31 43 70 222 253 118 51 243 117 112 118 223 230 94 27 194 99 153 118 174 78 0 117 
46 248 239 173 191 165 255 216 253 220 236 187 237 91 251 77 7 34 65 162 9 152 33 76 228 38 130 36 57 127 169 81 
186 255 247 247 190 181 140 191 107 241 211 249 127 246 243 219 3 7 13 138 6 20 4 19 112 222 48 129 8 35 53 3 
87 102 67 123 200 86 170 233 192 170 80 190 16 103 201 2 223 31 222 117 255 115 254 254 190 187 255 115 46 253 67 191 
71 39 65 122 97 154 7 14 224 20 11 32 40 63 141 131 223 223 222 95 247 247 218 247 59 255 91 223 158 255 235 255 
103 39 117 182 73 10 35 74 102 100 171 39 237 111 138 55 196 34 1 161 217 242 166 253 132 59 234 117 65 23 147 161 
70 192 138 139 72 194 150 134 34 160 5 140 0 167 11 10 70 3 130 154 202 150 2 7 36 98 33 2 144 242 51 35 
172 252 126 37 222 239 250 215 253 235 42 201 70 66 249 253 119 54 247 147 222 135 11 241 102 103 147 54 253 239 179 87 
199 231 34 17 205 198 130 181 139 169 186 109 66 67 65 165 230 255 163 23 221 238 138 191 207 171 187 235 227 195 86 175 
187 223 126 111 183 181 159 184 187 159 209 255 174 63 69 223 254 249 187 255 118 99 255 222 223 174 253 186 99 194 255 251 
43 6 173 248 139 157 101 79 116 118 134 6 249 253 63 7 79 39 237 248 47 186 127 78 113 126 135 166 252 253 47 19 
157 48 80 176 220 161 103 116 20 37 84 93 134 78 150 81 221 113 223 181 223 227 119 254 18 45 220 127 214 206 134 120 
38 35 225 150 63 146 143 13 38 226 185 112 189 127 178 87 60 53 253 166 18 135 191 111 214 222 254 53 125 46 187 118 
254 60 239 49 22 33 220 253 216 235 255 48 106 132 3 226 159 223 213 124 255 249 127 120 170 63 249 223 142 93 110 253 
247 244 94 19 222 231 215 180 219 167 87 88 14 79 192 213 99 214 109 126 253 190 95 24 114 118 157 138 236 253 14 31 
250 34 101 240 235 155 7 45 76 121 210 113 127 125 80 196 203 206 142 169 207 251 166 183 57 251 126 207 154 181 111 171 
23 29 172 16 21 232 89 62 139 7 215 220 14 205 6 159 94 189 155 187 223 251 230 191 91 234 214 190 224 198 79 155 
159 240 221 166 223 161 119 124 85 61 212 251 239 79 150 89 33 134 53 8 1 93 161 127 224 84 174 69 112 57 173 165 
121 222 188 248 254 255 119 119 29 116 86 158 141 93 95 156 91 248 77 44 254 251 123 120 221 62 254 191 237 13 221 105 
73 213 71 189 220 162 239 216 40 238 138 11 204 109 105 1 191 253 255 238 51 77 245 207 119 84 173 247 127 254 254 253 
125 108 119 63 219 143 255 235 218 238 211 187 244 238 201 222 62 209 124 174 55 181 189 121 181 222 253 245 61 30 245 119 
94 26 215 243 63 115 173 190 5 190 82 22 13 223 219 211 164 240 127 215 188 180 247 213 255 189 46 203 199 95 211 183 
80 131 108 216 227 155 70 109 62 80 214 59 189 113 14 4 39 231 223 123 169 208 164 143 227 242 173 170 188 247 175 63 
207 222 114 121 253 246 175 217 169 191 168 238 134 223 228 255 253 222 118 119 255 231 254 241 153 187 123 223 142 71 195 237 
140 50 213 36 220 169 38 85 168 57 138 97 70 22 166 193 186 249 19 151 223 231 131 189 206 193 83 117 35 74 208 212 
178 22 239 226 101 118 250 191 244 218 215 100 109 53 19 181 215 255 211 63 221 170 174 207 106 235 211 251 238 231 206 155 
41 244 117 170 156 173 33 88 120 108 166 47 236 43 236 101 7 4 8 10 5 136 19 12 34 2 175 36 40 47 45 49 
231 101 50 19 195 70 138 139 135 227 171 96 50 202 225 247 203 206 162 61 201 238 166 231 29 253 254 205 82 253 95 174 
170 151 178 243 151 245 172 149 37 203 1 202 142 198 51 95 206 217 138 185 223 243 254 221 28 171 173 172 243 196 127 235 
149 205 12 168 21 104 32 114 8 71 250 222 194 141 204 170 127 39 185 126 234 223 119 79 243 112 239 39 245 246 175 114 
123 221 95 251 119 246 251 190 91 254 87 156 45 153 73 159 234 235 237 254 39 95 91 143 255 186 187 174 125 178 127 255 
122 191 245 254 247 255 7 63 79 84 251 185 109 222 159 254 50 19 25 142 39 20 29 9 230 6 31 4 61 63 57 21 
127 27 212 186 85 110 47 54 7 70 91 22 13 143 223 151 252 130 53 168 217 175 39 125 156 125 222 95 193 93 158 4 
111 175 201 238 226 158 115 5 56 84 39 9 16 122 238 229 103 38 197 146 200 158 3 13 100 118 2 4 141 127 25 5 
227 223 178 87 108 214 143 134 143 247 1 206 131 221 82 159 215 121 223 215 55 179 223 190 67 135 215 244 110 207 193 219 
250 3 153 178 203 95 39 47 84 117 94 87 63 252 54 214 175 191 255 119 63 247 249 223 245 255 239 229 127 251 179 255 
51 212 124 142 62 157 29 19 118 94 21 146 189 30 61 85 180 47 241 246 48 44 109 111 196 101 251 113 99 235 150 150 
231 135 232 80 99 222 11 42 135 111 185 254 187 235 132 110 184 203 191 223 35 223 255 255 223 219 221 255 255 124 127 238 
81 139 172 220 235 159 87 100 29 116 213 155 153 125 31 142 130 227 147 183 136 128 172 207 194 171 33 203 243 194 182 27 
255 87 110 90 255 119 82 183 50 114 125 28 12 243 77 239 255 253 111 255 254 127 223 179 255 255 127 223 223 255 127 255 
102 212 112 170 93 234 14 89 38 106 169 172 172 135 172 127 211 223 144 26 205 218 14 55 11 43 58 200 34 199 78 155 
105 220 63 169 222 167 255 208 125 238 4 138 205 13 121 29 255 239 119 63 219 199 175 239 238 239 251 125 127 239 249 252 
183 54 243 131 220 166 135 254 66 237 250 115 226 14 130 113 76 197 156 30 203 143 118 101 182 32 5 143 144 118 191 78 
91 89 152 250 127 62 114 50 6 102 87 22 4 220 94 30 158 226 17 41 200 192 174 204 226 43 233 110 244 101 167 48 
229 245 119 191 221 230 249 218 99 237 1 237 38 207 165 95 158 251 223 239 255 251 250 191 255 145 95 253 63 119 219 248 
199 237 194 59 23 138 132 139 106 171 26 253 62 231 109 219 204 238 23 191 200 111 166 247 104 248 106 143 80 247 255 171 
229 254 247 21 220 238 130 213 235 169 42 205 78 67 203 173 29 3 149 160 0 38 37 118 1 206 66 5 65 133 147 2 
247 255 231 29 223 239 138 255 139 171 251 255 202 195 207 239 59 249 205 250 38 91 93 46 83 118 253 188 127 190 76 250 
218 209 146 179 222 39 174 178 134 175 89 218 147 204 51 91 251 61 155 119 119 115 251 190 210 191 215 231 98 218 35 187 
9 181 45 200 214 191 115 80 120 94 6 70 209 84 126 65 14 34 93 226 235 155 126 73 246 58 135 102 253 119 182 81 
254 43 255 241 235 151 254 235 117 251 211 116 255 231 144 94 213 207 151 27 201 218 167 238 138 191 88 221 18 255 134 170 
255 94 110 35 127 55 183 251 153 245 87 212 14 158 193 207 197 236 157 40 200 250 126 94 120 59 174 207 194 165 206 171 
142 237 7 35 3 65 128 143 235 131 161 236 126 162 99 187 143 230 101 161 159 249 161 93 232 123 170 109 249 51 228 225 
105 55 177 126 248 254 36 87 224 48 41 1 66 208 164 123 133 230 77 106 249 250 247 126 241 63 236 249 106 123 196 169 
65 216 142 137 92 166 255 210 57 238 4 138 200 137 121 11 78 250 207 207 255 243 222 157 127 251 183 235 237 83 123 217 
83 20 144 170 215 234 14 20 2 66 57 16 32 2 14 51 120 245 255 221 54 183 93 119 215 223 149 216 127 220 52 95 
24 200 158 253 33 24 244 238 25 176 255 152 28 181 75 186 173 228 181 167 217 237 167 252 220 125 236 127 243 78 182 109 
125 239 145 222 194 207 7 44 75 84 122 61 112 126 207 232 214 107 131 21 140 192 12 247 202 163 209 218 194 197 86 138 
239 207 118 213 227 149 141 206 47 213 129 232 63 253 112 221 221 251 87 191 223 235 167 254 79 165 223 253 127 255 221 218 
184 202 245 228 43 155 44 111 103 113 209 249 127 181 22 158 243 87 94 247 39 178 223 153 59 251 151 230 174 63 97 23 
82 27 153 250 124 58 38 54 66 96 87 22 128 212 15 19 114 221 16 190 221 238 94 21 95 74 59 11 160 68 95 181 
66 201 155 255 66 66 219 194 127 174 7 142 221 237 123 155 255 191 186 117 63 247 249 191 157 255 247 255 179 218 211 254 
218 216 207 87 62 243 221 182 150 181 87 213 15 212 80 203 66 0 3 163 201 130 143 137 132 235 57 12 177 4 1 54 
163 220 220 138 255 189 86 29 59 113 44 204 174 119 100 253 156 228 49 164 201 135 190 107 150 73 253 123 211 66 148 124 
94 20 224 36 28 174 38 21 157 45 122 83 138 3 22 23 7 37 65 130 81 2 5 11 98 64 1 112 32 67 164 81 
12 138 240 252 169 157 105 67 60 126 170 43 145 250 191 124 207 83 70 183 183 241 143 152 47 175 155 238 174 143 97 83 
19 201 223 47 1 136 253 234 255 140 255 187 237 173 95 154 101 38 53 175 232 182 175 241 96 126 107 7 192 127 155 37 
123 245 51 63 222 230 163 49 203 228 121 157 193 70 93 61 83 249 205 250 255 250 86 58 122 50 215 58 236 247 77 152 
247 31 240 112 125 62 79 127 135 111 251 114 2 203 198 183 197 228 71 39 201 194 162 237 248 177 236 253 242 119 196 168 
0 65 20 128 0 173 46 84 45 79 3 192 2 9 244 135 215 254 215 103 252 234 207 216 251 57 170 251 238 71 238 249 
1 6 0 0 0 64 32 55 0 10 34 0 0 1 0 3 119 58 49 39 255 138 135 40 202 33 215 124 241 22 200 208 
222 16 50 33 223 34 166 251 132 163 210 114 162 138 192 85 15 51 85 246 55 251 41 94 102 214 171 36 125 127 249 243 
148 114 87 161 213 32 167 252 4 133 210 117 67 15 209 192 214 51 211 191 221 98 47 254 198 174 211 55 97 207 155 211 
230 7 231 215 233 150 135 207 38 225 171 102 187 247 178 103 223 206 27 251 43 219 167 239 159 251 220 253 51 190 228 254 
85 253 87 29 220 167 238 240 139 140 91 31 196 199 201 88 55 55 101 56 22 36 13 127 226 206 217 180 77 111 153 87 
230 11 166 213 107 23 142 207 36 243 131 192 27 253 51 135 254 249 255 255 255 231 251 254 254 237 213 255 255 234 183 95 
61 236 127 45 74 15 247 227 217 228 214 191 221 127 217 204 55 54 84 34 157 184 33 124 230 37 214 116 172 27 128 85 
61 255 119 109 50 245 160 243 106 212 71 245 86 54 233 251 63 246 117 175 159 237 165 125 254 125 254 125 253 63 253 245 
247 61 235 19 84 102 197 247 131 135 87 212 2 143 131 143 78 39 129 176 88 162 38 79 64 106 226 48 80 66 161 65 
217 148 158 147 223 179 214 189 22 241 252 114 166 94 2 52 216 216 78 199 255 243 222 182 158 191 125 221 31 220 116 233 
105 204 61 252 42 31 117 74 121 124 174 143 220 188 109 63 45 247 125 174 51 185 189 92 114 94 173 37 125 62 237 241 
163 38 237 68 166 156 20 15 243 17 141 201 254 181 38 27 79 134 204 110 235 159 118 5 48 124 12 15 156 127 46 85 
136 217 78 51 222 237 250 213 189 171 42 200 11 66 249 233 197 221 85 124 105 234 127 90 179 61 173 207 206 253 228 59 
19 70 20 166 43 152 14 45 38 88 211 65 60 57 68 148 17 20 25 11 140 200 130 181 90 42 2 7 128 5 75 177 
255 206 2 39 75 70 162 171 129 161 121 255 50 130 68 190 238 253 95 191 223 167 254 155 127 235 45 171 175 227 253 127 
165 244 255 97 253 246 250 223 241 155 172 104 102 67 131 189 87 54 17 39 221 226 175 204 66 34 219 52 96 78 131 17 
173 125 126 179 29 228 237 219 40 239 131 102 174 239 224 87 182 255 50 111 253 58 174 223 207 154 195 251 32 87 207 157 
140 71 38 177 8 183 164 247 133 255 82 84 83 116 81 132 119 54 123 15 253 150 155 252 202 167 149 58 236 91 139 85 
35 23 40 10 13 180 12 27 34 74 130 36 32 69 41 5 237 239 255 255 115 119 255 255 121 255 235 255 127 239 235 239 
220 194 96 104 234 157 38 101 140 49 80 217 19 52 244 204 255 252 255 247 255 183 251 216 254 127 198 127 255 235 242 93 
78 253 210 57 23 170 132 131 42 170 10 175 158 231 237 219 199 238 231 61 255 202 158 207 251 185 191 253 126 247 239 251 
248 20 188 29 201 43 118 253 156 32 255 59 52 244 143 132 237 229 253 62 203 239 115 127 241 101 237 235 254 251 166 111 
210 11 145 246 35 90 76 47 7 81 83 85 23 244 18 146 77 198 57 168 217 190 39 89 60 126 198 15 193 93 253 133 
33 245 101 7 150 237 135 17 238 133 3 69 13 15 249 197 109 253 255 124 51 127 125 95 176 254 205 189 127 252 175 223 
98 15 185 254 43 30 92 15 103 98 7 134 181 244 63 31 62 53 125 174 55 117 189 127 247 222 255 181 125 30 185 247 
225 15 179 87 232 214 171 192 206 181 3 78 131 221 147 23 215 207 152 254 233 222 126 103 31 127 85 223 146 255 214 158 
45 236 110 41 171 149 253 201 249 190 172 191 252 62 237 108 126 250 251 255 254 190 255 249 223 255 251 255 239 79 223 253 
4 201 76 72 32 88 126 81 57 26 42 142 76 37 77 171 253 253 255 244 50 111 121 126 217 253 253 253 95 245 214 234 
233 204 239 131 202 199 191 198 125 239 40 207 159 172 243 238 95 51 27 51 119 179 170 88 194 162 211 52 240 198 161 83 
9 224 153 174 137 137 125 74 114 40 173 171 244 98 172 88 70 11 134 135 205 194 142 183 38 137 27 71 138 231 19 33 
82 219 214 31 5 194 10 53 175 163 81 156 143 165 20 58 196 226 17 169 200 6 167 233 148 125 108 91 209 119 215 32 
222 61 145 48 94 43 38 191 203 226 219 54 240 198 234 211 127 253 109 31 222 175 158 181 235 238 91 158 220 103 127 199 
167 229 171 155 136 132 221 130 112 239 4 203 210 238 37 10 119 31 240 250 253 254 35 95 47 126 218 53 45 223 219 183 
80 2 144 220 201 138 34 109 14 104 210 23 144 104 14 4 254 251 253 254 255 255 119 127 222 117 223 127 255 254 254 220 
45 36 239 139 30 181 135 212 116 244 12 32 221 63 185 71 35 212 8 138 143 192 133 9 54 97 28 205 172 47 4 29 
107 60 173 138 126 191 90 23 113 102 7 132 88 132 63 203 158 249 155 171 223 249 252 143 219 27 254 127 243 198 239 249 
6 7 8 2 1 24 0 13 166 2 131 36 48 55 36 22 0 2 128 152 8 18 36 119 0 162 10 0 0 197 27 3 
124 174 252 238 235 223 127 109 31 124 214 187 189 122 158 220 253 253 127 245 218 167 255 235 121 255 196 255 223 238 240 92 
83 219 128 170 87 46 7 54 4 70 88 154 9 143 94 159 131 199 16 58 137 200 6 1 15 99 43 202 144 74 108 183 
196 247 82 113 220 118 170 213 168 155 42 74 2 67 195 165 223 219 92 255 255 187 31 144 47 119 31 254 159 255 252 219 
115 199 252 222 227 155 87 109 63 80 213 187 189 121 14 30 35 198 45 138 207 157 7 121 230 102 148 14 249 61 63 5 
178 208 18 7 223 230 158 182 150 141 17 81 47 10 80 213 92 9 239 241 114 247 243 255 156 253 254 151 211 252 187 110 
148 43 241 4 192 12 15 108 206 7 219 86 215 45 146 208 196 34 33 101 232 212 174 193 40 59 171 71 208 117 241 33 
252 171 237 240 107 219 127 111 85 123 221 254 251 245 150 74 114 59 187 255 54 254 221 183 207 230 95 150 239 223 27 159 
93 103 127 121 234 179 247 232 216 188 214 55 208 116 233 64 252 107 247 245 115 71 171 239 196 253 211 117 119 250 211 222 
116 252 99 13 220 135 143 241 206 140 80 191 193 6 217 204 127 204 246 175 203 207 159 173 47 239 123 191 189 175 251 252 
217 208 45 36 221 235 51 124 144 37 252 85 67 13 4 161 127 191 247 126 55 255 255 127 235 212 255 241 126 251 239 255 
247 127 102 135 117 230 143 183 79 223 83 117 43 143 209 199 67 69 8 138 71 10 6 11 38 66 21 0 56 109 36 21 
107 117 127 63 214 231 251 154 115 206 133 36 108 206 161 83 59 215 124 170 55 61 189 25 119 94 254 39 45 31 125 117 
18 24 158 231 189 176 244 254 30 176 255 17 44 21 73 177 215 63 214 119 253 230 250 247 46 175 123 127 142 239 211 255 
220 170 83 247 202 139 238 237 92 251 82 113 83 102 242 192 21 20 20 6 29 232 164 116 162 164 7 69 4 15 201 147 
188 127 118 117 159 229 165 249 140 181 210 127 207 253 208 198 124 175 247 220 114 207 121 103 79 116 223 189 95 246 254 254 
131 142 8 2 11 92 9 4 43 103 27 198 26 47 78 166 107 6 229 50 158 245 43 125 228 102 211 20 249 12 57 103 
26 48 221 46 54 169 89 62 210 14 255 20 109 133 29 114 118 38 109 162 124 62 39 113 228 118 87 22 205 55 150 6 
213 81 157 144 222 147 95 126 23 47 85 218 143 204 22 90 223 176 147 165 223 227 191 252 70 165 213 125 227 76 19 16 
5 36 149 128 9 202 35 76 34 102 171 36 100 47 139 51 83 22 146 151 201 194 10 14 98 99 171 38 190 239 35 49 
112 135 164 216 235 159 7 101 5 94 208 155 145 124 30 12 135 228 77 35 139 208 212 137 251 163 173 238 254 119 102 49 
126 205 114 63 203 3 255 235 158 170 211 59 181 238 201 92 227 236 139 255 233 216 240 143 120 241 245 239 250 243 79 186 
250 220 78 151 223 135 214 179 30 249 86 91 159 236 113 76 94 51 85 178 87 163 2 57 102 66 209 52 253 99 48 83 
236 232 127 245 106 31 251 195 253 255 6 207 223 170 249 206 189 255 127 125 249 255 251 251 251 221 239 251 255 123 237 253 
172 240 51 37 223 229 178 217 181 185 172 235 195 16 176 109 251 255 231 59 94 255 139 179 239 255 122 219 255 234 125 255 
213 23 66 7 85 38 142 247 134 143 123 87 2 143 147 103 248 212 53 167 221 175 255 121 220 125 126 91 163 79 212 37 
176 22 20 7 220 164 130 241 134 21 82 81 142 17 80 4 255 254 255 247 255 190 223 221 255 255 189 250 239 255 182 255 
221 198 2 45 201 66 162 225 137 161 248 255 18 10 196 236 231 228 57 35 200 198 162 69 192 167 237 248 242 35 148 50 
247 222 210 95 53 38 215 190 131 165 85 253 38 159 131 223 251 213 187 62 223 167 255 127 214 15 213 219 243 204 54 93 
248 253 255 29 214 231 246 247 219 137 84 217 87 196 246 216 213 45 216 54 209 202 123 110 155 47 210 119 178 171 194 214 
223 79 6 115 99 211 131 171 137 179 250 252 58 186 64 238 253 123 253 252 250 255 123 126 252 127 254 61 127 253 222 232 
