134 200 205 204 232 92 213 136 190 21 54 219 143 123 222 152 174 234 237 248 62 125 113 74 189 119 173 250 223 249 254 239 
5 15 16 148 32 142 60 67 41 70 43 66 146 225 248 3 90 233 155 239 234 91 208 230 95 208 95 156 81 244 251 248 
177 214 246 207 41 19 221 191 83 248 253 251 190 121 3 12 194 11 128 82 201 90 6 14 230 0 7 2 50 210 166 193 
142 216 207 201 55 123 220 191 191 155 62 207 159 53 123 233 65 6 16 51 201 130 46 68 0 43 32 2 128 195 131 3 
144 226 85 199 248 145 178 241 220 49 86 95 177 115 209 64 185 222 254 79 190 253 213 118 59 245 62 201 158 189 108 239 
202 202 202 202 202 202 202 202 202 202 202 202 202 202 202 202 252 252 252 252 252 252 252 252 252 252 252 252 252 252 252 252 
197 239 107 249 249 122 247 201 189 249 174 255 67 223 239 237 252 250 125 201 234 95 219 224 255 23 255 254 223 63 254 248 
220 234 91 233 248 242 178 224 88 153 254 255 192 87 203 232 173 255 125 105 189 253 245 248 189 29 236 251 239 125 236 237 
241 249 255 205 248 127 247 252 253 29 238 251 239 125 222 169 186 221 108 254 39 221 93 43 255 247 125 190 191 254 124 254 
57 202 54 237 232 253 226 240 92 253 254 95 212 121 217 160 233 223 238 92 247 191 119 90 185 117 172 203 206 249 238 207 
69 6 28 152 200 31 38 117 34 102 42 4 16 229 191 35 45 238 100 207 251 253 167 113 61 93 126 127 156 127 253 228 
135 201 206 207 231 216 222 128 59 145 55 203 142 115 78 152 160 223 46 210 52 125 244 179 189 213 127 202 143 213 92 175 
236 250 255 201 243 127 242 255 252 209 142 239 255 180 255 239 251 221 76 127 55 249 89 152 254 187 181 234 191 171 108 223 
188 218 127 203 255 255 247 251 191 221 46 249 63 127 253 253 141 206 78 75 235 127 246 144 57 221 46 203 28 63 237 237 
168 220 126 203 255 253 214 157 255 209 174 239 189 119 239 253 140 203 222 201 241 219 246 216 61 217 14 207 158 127 239 233 
3 6 12 142 39 159 30 51 39 230 63 132 24 61 61 39 189 238 255 76 34 221 117 119 251 213 236 217 94 177 254 234 
193 254 154 207 233 218 214 145 123 217 46 235 162 87 239 169 187 223 254 207 255 253 221 153 191 213 191 250 191 127 254 253 
135 207 138 203 37 248 222 145 57 219 46 239 162 23 111 171 191 254 109 232 54 95 223 107 255 215 255 250 255 61 252 222 
83 214 144 142 39 18 138 141 38 224 49 138 172 27 47 31 140 219 126 233 245 248 254 217 61 219 168 234 174 93 236 141 
70 39 144 50 201 130 14 3 34 99 3 34 162 199 160 19 114 43 147 251 200 222 166 197 207 34 123 62 241 230 219 248 
248 250 247 205 250 255 247 246 248 149 254 219 223 245 255 200 178 238 247 233 104 94 224 199 250 212 174 207 95 245 95 184 
190 250 254 171 219 95 129 138 254 223 150 255 191 62 255 252 61 254 254 233 250 255 241 71 126 244 196 237 223 126 255 253 
5 38 223 151 32 144 190 101 121 251 3 225 196 35 139 2 162 219 110 219 183 185 221 153 255 211 173 234 175 223 236 255 
53 238 179 15 200 196 162 129 203 152 40 255 240 82 207 248 248 221 126 221 54 255 255 247 61 223 126 221 95 188 253 238 
195 201 223 255 248 222 119 206 190 61 38 219 143 251 222 152 205 221 239 93 247 189 125 250 185 117 173 234 206 185 236 239 
165 252 255 201 56 253 245 255 189 221 238 249 195 91 223 237 169 238 239 72 62 125 117 255 249 245 172 201 95 189 254 239 
205 201 237 252 32 253 125 122 189 191 245 203 207 249 86 138 197 207 93 120 240 90 119 200 185 53 47 222 15 255 204 170 
7 6 1 138 9 140 7 13 166 68 46 4 17 63 189 37 37 174 254 201 232 221 163 197 126 213 6 141 93 121 251 173 
162 200 207 207 232 220 213 136 254 21 54 219 175 123 222 152 131 202 206 201 239 216 214 128 61 149 62 203 158 61 126 169 
252 252 255 205 254 253 253 255 253 255 254 255 223 191 255 237 252 254 255 205 190 245 253 253 253 253 254 253 223 189 251 239 
179 220 56 239 165 220 219 0 95 215 255 252 174 63 76 190 63 252 236 76 46 221 222 53 123 255 61 201 222 49 124 221 
35 207 45 218 111 223 3 123 237 116 190 206 251 125 124 173 239 255 126 233 255 253 247 216 61 223 108 251 142 123 236 253 
3 71 9 152 15 30 5 11 166 102 59 4 25 109 125 53 233 207 230 86 195 207 37 19 45 85 4 203 154 253 102 15 
65 204 173 152 73 223 7 127 189 102 172 136 81 173 125 175 195 146 131 119 237 242 238 188 16 187 248 79 162 68 3 33 
65 7 17 250 0 142 102 65 32 102 3 6 144 101 189 3 203 201 206 223 39 89 92 170 63 179 61 234 190 255 110 170 
197 46 211 227 232 210 160 199 122 121 2 65 198 179 130 152 60 254 238 205 62 221 221 181 255 254 223 188 93 60 127 236 
253 127 255 251 112 119 245 254 221 245 252 187 111 251 147 206 250 220 255 219 255 253 219 249 255 255 214 222 255 248 127 252 
221 238 179 125 32 90 248 231 200 176 211 157 82 176 203 250 77 207 239 217 49 223 245 91 189 255 172 200 211 189 252 207 
199 207 138 239 39 90 222 131 59 219 63 238 138 23 111 187 47 254 110 239 62 255 211 145 189 213 30 255 157 127 125 237 
29 206 54 237 232 237 242 240 25 253 118 223 208 120 89 168 233 222 252 127 255 191 119 120 57 125 108 203 142 185 238 207 
5 6 129 136 201 196 131 77 166 68 2 5 17 45 185 37 157 219 223 237 253 251 247 248 185 153 254 223 207 117 207 233 
1 7 148 138 64 15 4 55 34 68 47 4 16 245 61 33 237 236 93 126 122 127 125 70 253 54 109 152 31 187 252 254 
55 252 251 238 120 254 247 70 255 220 46 249 71 27 223 189 59 220 125 94 38 95 95 54 251 180 61 201 28 57 124 223 
97 7 141 154 201 31 5 63 230 102 46 4 49 253 61 39 46 238 125 109 234 252 254 69 249 125 46 205 221 53 124 189 
147 200 206 207 236 74 214 128 122 21 54 203 142 115 94 152 199 200 78 126 41 90 116 130 61 49 46 235 46 255 204 170 
135 201 207 205 230 220 223 136 191 149 55 219 143 123 94 152 197 223 125 120 245 188 117 88 191 87 173 202 207 249 252 221 
225 7 244 118 201 174 99 8 229 109 162 99 175 235 180 7 201 222 94 125 254 255 247 148 57 253 46 201 142 189 108 191 
3 7 13 136 7 31 7 63 166 70 63 4 25 61 61 37 43 238 110 203 39 127 219 189 125 222 212 236 125 62 127 237 
197 201 239 252 232 126 245 206 188 29 230 219 207 249 222 136 236 207 255 221 48 125 125 219 189 215 175 202 223 253 254 239 
169 238 247 11 219 143 167 217 237 213 6 235 191 123 255 205 122 251 79 239 118 95 222 163 223 144 127 190 125 182 121 248 
69 71 13 152 201 157 7 121 164 102 43 4 145 109 125 39 63 249 93 234 98 95 247 66 191 84 46 217 29 63 253 252 
190 250 110 173 255 253 155 184 252 223 215 255 255 62 127 236 41 174 255 201 232 253 161 245 248 244 206 141 93 117 123 173 
35 206 9 171 239 220 131 9 253 95 62 206 187 63 124 173 184 249 239 255 54 127 249 254 253 221 254 221 127 253 255 238 
227 201 207 223 236 204 95 136 254 61 54 219 175 251 94 136 250 168 239 235 238 95 219 175 223 254 126 222 127 189 95 252 
229 236 123 219 249 220 215 204 255 245 46 249 179 123 255 252 187 220 108 238 63 253 221 61 63 255 126 253 63 62 124 255 
1 7 149 138 1 143 7 127 166 68 47 4 17 61 63 37 185 255 255 253 254 255 255 255 255 253 255 223 223 125 255 253 
243 220 123 207 233 220 223 136 127 125 47 203 175 251 222 189 185 255 109 76 238 93 85 253 251 85 252 201 95 121 126 236 
1 6 133 138 73 143 7 127 166 100 46 5 17 61 61 37 250 221 238 95 39 93 221 171 255 243 63 254 191 254 110 254 
194 202 155 105 233 218 242 143 188 155 14 78 147 244 123 185 254 251 124 249 242 127 39 225 237 183 125 250 223 255 252 222 
179 220 107 239 37 220 223 136 127 223 191 202 239 61 92 191 187 220 77 239 175 253 223 136 127 215 125 218 191 59 124 252 
65 6 165 136 201 79 5 127 166 110 170 4 81 237 63 165 76 200 92 250 99 219 119 76 61 118 47 188 61 63 252 254 
167 142 108 5 167 157 159 8 175 69 23 202 159 57 116 85 57 223 239 95 55 253 213 58 255 221 126 217 191 253 108 239 
188 250 127 205 248 253 242 245 254 157 142 207 221 53 251 237 105 238 247 201 232 255 161 247 120 252 238 141 95 245 123 173 
71 6 128 184 73 10 4 7 38 96 46 4 16 253 47 55 101 237 254 216 104 94 84 71 63 116 14 136 94 255 254 159 
197 201 222 223 233 90 118 162 60 17 38 203 142 251 206 136 187 221 110 247 55 253 223 185 159 213 255 252 191 94 124 255 
65 7 17 158 0 78 44 71 34 100 43 4 16 229 189 179 111 238 110 249 98 127 242 135 60 244 140 172 88 190 255 239 
65 6 132 136 201 15 38 119 36 68 42 5 16 109 63 37 101 238 250 138 73 223 163 71 126 246 4 172 53 190 255 222 
187 178 95 231 255 240 251 184 222 189 244 127 173 91 147 116 249 254 255 221 110 127 253 246 123 255 254 249 126 253 111 252 
148 250 119 77 232 221 164 241 251 21 254 219 223 53 220 168 250 223 108 254 255 127 95 155 191 117 255 234 191 254 124 253 
71 6 0 186 201 10 4 11 38 106 42 4 16 239 45 53 235 205 110 255 35 220 93 9 125 231 253 232 191 251 124 158 
245 220 255 201 232 127 247 247 191 245 46 201 79 185 223 173 173 206 237 72 238 253 87 125 185 85 254 217 93 61 126 236 
232 218 110 251 255 249 246 185 61 251 238 235 191 255 127 239 204 207 108 249 227 253 122 217 61 251 238 142 157 253 253 239 
51 214 16 175 239 144 138 141 110 65 49 202 172 27 47 29 200 219 254 249 245 250 124 219 61 251 173 170 231 213 236 139 
199 207 171 253 253 248 253 219 189 249 174 203 195 221 111 173 137 218 127 205 252 253 247 240 189 221 238 203 207 125 254 233 
71 205 155 250 33 222 127 75 173 207 41 200 147 239 252 191 251 221 222 255 247 123 222 182 127 249 127 223 62 191 110 254 
252 252 255 201 206 127 247 245 255 245 246 203 207 177 91 140 220 234 239 205 122 127 241 247 249 181 254 221 95 181 253 234 
3 6 145 170 201 140 37 79 164 100 2 4 17 109 189 21 229 253 254 118 249 138 117 74 251 101 173 235 174 251 230 95 
251 237 238 107 231 219 223 140 250 159 247 250 190 186 111 220 41 238 250 239 34 95 179 135 127 212 12 237 117 62 255 255 
191 250 255 169 223 249 163 204 254 223 246 252 255 122 255 253 45 239 250 251 1 94 233 207 124 222 128 236 119 238 253 253 
97 6 13 138 201 31 7 61 230 102 42 6 177 175 63 39 165 236 125 72 104 94 215 199 251 84 44 200 94 113 108 189 
251 206 40 255 39 221 95 137 31 247 125 222 191 62 124 254 249 217 92 203 35 221 255 0 63 215 45 200 159 63 252 254 
163 233 207 239 182 220 221 136 255 149 55 219 175 123 94 152 199 201 94 217 232 90 87 130 63 55 46 202 142 255 222 184 
229 15 228 80 201 141 71 72 173 101 6 74 155 249 244 71 171 207 228 70 175 221 149 0 175 85 5 235 190 127 100 77 
3 6 12 142 39 159 30 49 54 94 63 5 24 63 61 39 121 253 239 222 54 255 221 50 127 213 125 216 223 187 124 206 
174 221 239 205 55 127 219 155 191 223 63 203 159 57 127 239 252 252 255 205 178 221 217 247 255 213 255 254 255 180 255 238 
71 6 144 170 73 10 36 7 38 96 46 5 16 191 175 53 209 223 94 94 233 90 86 178 59 53 46 207 14 253 76 168 
172 250 255 205 248 253 240 247 254 189 142 255 223 245 251 237 58 248 255 239 170 221 217 167 223 254 127 221 125 59 95 252 
83 22 24 170 207 156 14 1 38 102 59 6 156 45 61 55 13 201 76 202 99 219 215 32 63 86 15 204 157 63 125 200 
186 218 94 239 255 123 246 145 63 217 46 251 191 127 255 253 60 238 255 217 106 95 241 247 253 254 126 157 93 245 219 236 
135 201 207 205 166 220 221 184 191 149 55 203 143 121 94 136 248 216 239 221 54 125 221 247 159 255 127 220 95 189 91 238 
77 7 173 184 1 183 45 123 165 238 235 132 209 173 185 39 84 171 251 221 160 220 254 229 219 181 255 188 81 53 219 250 
151 200 207 205 174 220 221 184 191 181 55 219 143 57 94 136 161 206 94 79 233 220 215 177 59 213 46 207 142 127 206 173 
163 142 236 6 175 156 157 0 175 101 23 202 158 59 116 29 225 221 252 54 193 136 53 72 63 69 173 235 174 235 228 31 
195 207 138 255 237 90 222 131 59 249 47 207 162 213 111 187 187 217 108 255 55 249 93 56 253 215 253 250 239 121 100 255 
241 63 167 87 252 175 223 242 206 53 255 83 227 217 88 140 201 207 206 123 249 184 125 90 61 127 236 235 174 251 238 207 
209 107 143 219 38 83 128 182 91 190 126 149 114 150 91 170 163 222 108 75 255 253 213 152 185 21 44 203 174 121 108 173 
193 6 1 147 201 6 39 201 164 125 42 71 147 127 178 37 107 221 108 91 231 249 219 57 250 219 181 234 190 121 108 13 
167 142 108 5 175 157 157 8 175 69 23 202 159 57 116 85 187 222 100 197 255 253 151 185 253 93 254 127 239 125 126 237 
135 201 206 207 39 90 220 162 57 153 55 203 142 115 78 136 239 222 111 251 255 255 255 217 188 255 236 251 191 123 244 253 
75 205 143 254 39 255 127 59 189 239 125 200 27 237 124 175 173 222 124 107 255 253 247 80 61 95 44 235 142 59 236 253 
129 222 155 203 249 216 247 221 191 217 46 203 131 95 239 173 188 234 239 205 178 253 249 245 253 221 254 221 223 53 217 238 
251 221 234 58 23 107 93 158 253 171 252 251 126 140 110 255 251 249 238 223 119 123 93 190 255 255 189 250 191 187 102 255 
163 198 129 175 39 152 155 13 238 243 49 202 171 27 38 31 136 219 126 233 181 248 164 217 61 219 172 234 230 85 236 189 
65 6 17 154 201 12 39 73 166 102 43 6 145 175 189 55 249 253 125 126 50 95 125 203 255 117 45 185 63 187 252 255 
97 38 191 23 32 148 191 13 251 255 131 225 237 33 27 7 170 222 59 235 255 253 223 153 255 211 173 234 179 90 236 253 
243 31 236 118 103 158 93 2 183 117 55 66 174 249 6 31 169 207 228 52 1 77 37 74 173 69 3 202 159 189 118 15 
114 123 219 255 54 82 216 166 83 246 95 180 125 183 217 250 206 99 75 242 23 80 72 203 1 226 185 180 50 194 225 123 
236 217 111 249 255 127 247 217 189 223 238 218 223 253 253 237 186 221 126 123 191 249 218 137 127 243 175 238 190 126 236 253 
56 236 187 143 234 221 219 165 223 253 95 221 241 86 127 252 124 202 254 201 98 223 246 247 61 222 126 157 93 188 125 238 
251 221 250 123 247 241 95 140 254 159 245 250 190 154 102 223 169 222 108 200 247 191 55 91 189 87 172 234 191 57 228 77 
193 201 222 238 232 90 246 198 120 21 102 203 142 241 222 152 133 206 126 105 232 220 246 193 57 245 46 207 206 125 204 173 
38 169 227 143 144 204 217 105 205 205 123 127 145 39 217 228 157 235 255 205 242 95 245 246 249 212 125 216 95 245 223 232 
239 239 254 121 51 95 125 206 172 166 231 186 126 250 239 222 59 253 110 78 55 127 217 187 255 222 245 249 60 58 109 222 
1 6 147 139 201 132 135 141 190 252 2 5 145 111 187 5 242 221 138 91 238 222 214 5 251 39 61 200 30 118 124 185 
69 71 9 152 1 30 7 75 164 70 43 6 17 239 253 39 229 237 124 216 32 95 94 1 63 247 47 136 94 191 252 175 
135 201 207 205 230 220 223 136 191 149 55 219 143 59 94 152 133 206 78 79 248 94 215 145 57 213 46 207 142 127 206 173 
193 15 146 118 73 138 32 75 104 185 130 103 178 243 224 3 62 221 124 204 34 223 84 35 63 84 127 157 28 63 124 254 
67 6 13 152 199 157 15 57 164 102 59 6 153 173 61 39 39 236 253 237 232 220 223 69 254 127 15 201 221 127 254 220 
248 250 247 205 234 255 166 245 248 181 254 219 255 245 223 232 239 237 239 252 102 127 125 131 125 215 255 234 127 255 126 255 
3 6 145 162 201 138 7 13 166 64 14 65 145 63 38 21 18 234 155 40 8 88 133 230 203 166 127 156 81 116 95 184 
35 206 1 235 233 220 131 9 239 85 46 206 179 127 124 189 153 220 126 205 254 253 253 242 63 223 127 217 158 185 124 253 
7 207 9 233 233 222 131 73 173 85 14 206 145 125 253 173 184 216 254 207 182 125 249 246 61 253 126 223 31 189 255 239 
232 221 254 219 255 255 250 187 63 251 175 170 191 251 127 239 204 206 111 221 59 95 251 249 189 255 47 223 159 189 255 239 
202 203 206 255 226 123 252 167 124 185 118 139 190 242 127 202 136 203 142 255 35 123 244 207 61 153 236 239 58 244 111 234 
7 71 41 152 201 156 7 73 164 70 171 4 209 109 125 37 251 221 110 95 55 249 93 24 255 139 181 250 175 235 100 223 
247 252 43 95 124 222 223 11 223 167 61 248 35 143 92 191 124 234 255 201 32 223 180 247 217 188 254 157 223 181 219 234 
1 6 17 138 137 204 5 77 166 100 42 4 17 111 189 181 155 201 207 222 54 89 93 170 255 151 61 218 63 252 126 234 
108 235 255 220 50 127 240 247 252 248 132 173 127 180 253 239 169 239 250 235 35 95 251 207 127 223 132 239 119 60 255 255 
203 201 142 123 225 122 118 142 188 25 228 235 186 251 102 138 169 223 108 107 253 253 247 88 185 93 236 235 174 121 236 205 
135 200 206 207 40 222 220 130 63 149 55 203 142 59 94 152 234 206 239 218 62 253 85 19 253 245 62 203 159 189 126 239 
231 39 179 115 80 214 162 203 65 227 163 118 226 211 130 50 187 253 239 203 183 253 211 184 255 213 245 250 255 59 127 238 
116 107 103 221 242 207 219 105 205 77 91 63 217 103 217 228 61 239 119 205 248 255 247 120 189 221 108 221 223 125 221 236 
216 250 247 205 234 255 166 241 250 149 254 219 223 245 127 232 24 170 255 77 170 221 177 118 250 189 214 205 95 53 127 232 
227 15 228 54 231 172 25 18 173 111 115 75 142 233 22 15 225 205 228 54 201 204 127 0 189 101 5 203 143 235 116 15 
248 250 247 205 250 255 182 241 218 149 254 223 255 53 223 232 28 170 255 204 40 127 176 247 248 180 198 205 95 181 95 168 
135 200 142 207 238 220 220 128 63 181 53 203 142 59 86 152 141 202 206 105 249 251 245 82 61 21 4 203 142 123 254 141 
184 202 182 206 42 93 164 243 61 93 124 207 31 188 126 236 82 49 144 50 21 2 12 14 66 170 185 48 32 130 1 18 
25 250 31 203 233 241 178 184 90 152 254 255 244 119 73 168 255 248 111 198 119 251 95 58 255 245 255 251 239 155 228 239 
205 195 247 253 249 119 171 254 180 191 232 171 207 249 183 47 168 251 127 194 246 127 220 51 127 87 47 218 151 86 252 237 
227 201 239 223 248 222 95 238 254 61 182 219 239 249 222 136 193 206 78 79 233 88 214 128 59 53 46 207 142 255 206 169 
135 201 207 237 230 220 223 136 189 149 55 219 143 59 94 152 133 238 110 77 232 126 246 240 57 213 110 207 206 61 206 169 
124 238 179 63 202 207 160 231 203 164 121 190 211 194 255 254 248 235 254 201 226 95 254 231 95 222 127 220 95 244 127 236 
251 221 170 122 119 123 93 142 252 151 245 234 62 152 110 223 171 204 42 106 39 127 214 135 61 210 213 232 60 62 109 220 
55 252 254 200 184 220 212 70 63 126 44 201 14 251 255 157 125 252 255 24 58 95 85 231 251 116 172 188 92 189 255 254 
99 6 9 154 207 156 15 9 230 102 59 6 185 45 61 55 55 252 253 76 32 94 213 7 251 212 44 201 94 49 110 159 
69 7 41 152 193 156 7 73 166 102 171 4 209 173 189 39 47 238 106 235 43 221 220 5 124 254 132 236 60 62 125 221 
199 207 139 205 53 90 223 155 189 219 47 207 131 31 111 175 190 223 239 221 54 127 221 243 189 223 253 218 223 253 126 239 
3 7 45 156 39 93 29 127 167 198 191 132 89 61 61 167 184 251 247 77 234 95 241 246 250 21 254 221 95 117 125 232 
25 202 55 237 232 253 243 248 92 253 254 93 213 121 89 160 237 223 108 92 55 189 125 90 57 119 173 202 206 185 236 207 
35 207 17 170 233 222 131 9 239 69 47 206 179 127 124 189 184 238 239 235 42 95 245 231 253 252 126 221 95 190 255 238 
245 237 250 248 49 94 121 234 31 247 239 254 99 255 222 190 173 237 239 88 54 127 245 119 185 212 172 200 95 253 254 237 
225 200 237 222 252 111 85 126 252 53 247 219 239 249 222 138 193 201 78 219 233 90 86 176 63 53 46 219 142 255 222 170 
231 39 179 115 80 214 162 203 65 227 163 118 226 211 130 50 187 253 239 203 183 253 211 184 255 213 245 250 255 59 127 238 
255 250 255 235 219 249 225 206 254 247 230 254 255 250 255 253 250 216 238 207 254 253 223 181 95 255 94 221 191 254 123 252 
67 7 8 154 199 156 14 1 38 102 19 6 152 173 61 7 197 207 94 90 233 90 86 130 59 49 46 207 14 255 204 168 
186 221 238 223 55 125 216 187 127 251 127 250 191 187 127 255 234 205 206 255 239 93 208 131 61 249 46 207 190 254 108 237 
7 135 137 141 32 212 153 77 160 198 3 68 209 101 57 1 18 234 27 95 34 217 222 164 219 179 255 184 245 52 95 186 
3 7 1 136 15 140 5 9 166 68 63 4 153 125 61 37 253 255 255 253 247 127 255 255 253 221 255 255 127 191 255 255 
3 71 13 142 39 157 29 57 182 94 63 5 25 61 125 37 223 217 207 221 54 89 93 138 191 191 61 218 159 188 126 250 
3 207 130 219 9 130 128 143 46 249 32 203 162 219 175 31 136 223 126 249 181 248 236 219 61 219 168 234 230 213 236 175 
232 217 127 251 255 127 247 219 191 223 46 250 191 255 255 253 170 221 126 107 55 217 208 137 63 211 175 238 190 62 108 255 
236 251 255 221 248 127 240 247 252 253 198 207 215 245 255 233 56 233 239 217 50 221 209 247 221 212 254 221 127 185 223 238 
129 207 131 251 1 218 165 15 173 209 44 205 179 63 238 175 16 234 223 203 32 219 164 230 253 184 126 217 221 53 221 138 
173 206 230 11 202 141 133 1 191 93 6 203 159 123 126 205 169 207 100 16 131 205 37 17 45 85 6 203 158 125 108 13 
239 239 123 251 241 220 119 201 77 247 197 254 243 254 214 222 160 238 125 72 232 220 150 69 250 85 46 205 93 53 252 189 
33 6 5 138 9 141 5 63 230 100 46 4 49 63 61 37 129 207 94 124 105 122 245 194 57 181 46 207 14 253 204 169 
203 201 202 255 103 90 92 134 61 191 117 202 190 251 118 218 237 253 111 95 247 249 117 218 57 213 173 250 174 187 236 239 
3 7 173 152 79 31 5 127 166 102 190 4 89 253 61 37 171 237 109 204 38 255 223 53 125 215 255 232 127 61 124 237 
179 223 239 255 37 20 221 139 247 251 253 250 47 187 69 190 57 218 239 205 174 221 211 244 191 213 118 217 157 57 127 236 
237 15 244 50 201 175 37 66 173 101 70 67 146 251 182 79 90 234 79 235 238 91 222 166 93 186 126 157 29 118 95 232 
163 238 147 43 8 220 133 14 235 181 44 237 162 31 238 191 80 234 155 139 168 217 182 228 91 177 126 156 209 180 221 170 
65 7 129 154 201 14 5 79 166 100 46 4 17 255 189 37 203 201 206 223 167 89 92 162 61 55 127 202 190 255 126 170 
135 206 11 205 55 216 223 153 191 219 63 206 139 31 111 175 234 223 108 239 255 255 95 153 191 87 63 234 191 126 124 253 
65 206 183 152 1 21 33 255 165 230 161 138 67 153 183 15 254 222 58 207 55 253 222 145 63 243 173 234 174 26 108 255 
229 253 255 201 240 127 247 247 249 213 238 235 79 179 223 171 234 207 239 255 255 255 245 219 253 245 173 239 191 253 252 237 
135 223 202 97 253 186 254 208 60 219 173 234 162 95 196 13 229 237 56 56 193 94 118 195 159 38 175 174 98 223 204 190 
65 6 145 154 201 14 7 79 166 100 46 4 17 255 189 37 135 207 78 111 233 90 246 130 57 21 47 207 14 127 204 185 
224 203 183 219 104 95 227 251 253 245 174 205 115 245 253 171 131 2 1 3 200 192 130 0 74 1 2 71 130 65 0 32 
17 107 18 223 233 192 226 224 74 181 127 61 176 90 201 176 231 222 110 109 245 188 247 216 185 213 173 235 174 57 236 13 
133 233 17 131 201 200 227 72 140 1 47 254 179 126 236 232 133 204 215 12 16 66 244 214 51 145 44 201 6 49 198 171 
7 135 137 141 32 212 153 77 160 198 3 68 209 101 57 1 18 234 27 95 34 217 222 164 219 179 255 184 245 52 95 186 
232 250 127 201 232 253 242 245 252 157 78 205 221 117 251 173 233 221 254 124 55 63 117 122 253 53 239 186 239 253 252 111 
35 213 8 38 221 162 30 25 241 27 168 97 170 67 36 21 92 169 223 221 34 219 216 167 95 178 95 156 95 182 251 250 
183 252 111 237 253 220 219 140 127 215 191 252 239 63 220 189 175 252 125 108 50 126 247 207 189 213 109 217 95 57 254 253 
251 222 255 207 254 127 221 183 127 253 127 223 159 255 127 253 185 253 255 95 54 127 249 246 251 159 245 250 255 187 255 202 
35 7 8 138 71 30 6 3 100 70 58 4 56 45 61 37 37 238 191 201 232 221 129 69 62 127 4 205 81 126 255 237 
163 200 237 238 252 204 93 108 252 61 246 219 239 121 222 136 193 200 78 250 41 122 124 242 61 191 126 202 46 189 92 170 
19 22 24 170 207 158 6 5 38 70 23 4 156 125 61 21 249 223 255 221 119 255 255 255 61 255 255 223 223 189 255 239 
237 110 111 197 126 95 215 179 127 245 150 247 255 191 122 199 236 233 239 248 34 95 117 7 125 246 47 136 95 191 254 207 
71 7 145 184 73 78 5 79 166 100 43 4 17 239 189 183 185 255 255 239 55 253 255 189 255 223 127 255 191 127 255 253 
236 251 255 217 115 127 241 255 252 213 142 239 255 190 255 239 235 221 108 90 55 127 89 59 124 251 181 234 190 154 108 207 
248 235 255 216 234 95 87 119 255 119 254 216 95 245 94 232 195 68 0 6 201 10 2 8 2 8 2 71 32 67 64 0 
65 7 132 152 201 15 6 119 36 100 46 4 16 253 63 37 103 237 108 218 34 222 95 1 127 215 47 234 157 127 252 223 
199 205 138 185 101 122 222 203 61 203 175 206 130 141 111 191 188 238 255 201 250 221 243 241 253 213 126 222 223 61 219 236 
237 238 251 225 248 220 247 193 125 119 134 126 211 63 250 205 187 253 253 238 110 94 87 7 126 84 63 232 127 127 126 221 
199 194 186 169 232 80 139 196 38 175 169 138 196 169 55 59 242 207 59 247 96 94 255 203 221 245 111 218 147 245 220 190 
35 207 9 203 239 220 131 9 239 87 63 206 187 127 124 189 60 249 127 221 50 221 253 230 255 214 125 156 95 188 253 254 
3 6 12 136 7 31 6 55 36 70 63 4 24 61 61 37 187 221 78 58 55 249 89 26 254 155 181 250 174 171 100 255 
140 218 111 201 55 127 223 185 191 223 62 202 159 61 127 239 59 236 255 107 42 221 213 79 255 245 142 236 127 60 255 252 
65 7 0 154 0 14 46 65 32 102 43 6 144 231 191 35 189 254 125 76 54 125 213 247 251 213 253 219 95 57 126 236 
163 201 239 254 248 94 245 206 252 29 246 219 239 249 222 152 248 248 255 223 254 127 223 255 255 255 127 221 95 189 123 238 
244 238 250 211 249 220 245 171 95 117 207 126 179 255 214 220 184 174 255 235 170 221 241 229 254 245 254 221 125 57 223 252 
124 237 187 93 2 207 241 247 221 228 255 158 211 148 255 238 120 238 255 201 34 127 245 255 253 254 126 157 93 188 255 238 
71 71 9 152 201 158 7 73 166 102 43 4 145 237 125 37 188 235 255 201 250 127 241 247 248 21 254 221 95 245 253 232 
197 47 211 243 0 138 100 199 120 249 6 65 194 243 130 138 227 219 110 203 247 248 223 152 255 223 173 234 175 95 236 253 
71 7 161 136 201 14 7 79 164 68 174 6 81 253 63 37 109 239 238 201 34 127 240 247 61 220 198 141 90 189 255 239 
7 7 12 142 39 31 30 53 36 70 63 4 24 63 61 37 184 206 119 205 232 93 165 251 189 84 110 223 93 125 221 236 
67 205 9 154 71 222 95 11 175 71 57 200 27 239 124 191 242 249 171 30 38 94 93 3 207 166 57 184 127 142 92 254 
135 207 139 237 249 90 245 207 189 217 46 203 131 95 239 173 252 251 255 253 114 95 247 226 255 149 255 250 95 255 254 252 
65 7 165 136 65 15 7 127 166 68 174 4 81 189 63 37 237 238 239 201 122 127 247 247 249 252 254 217 95 253 255 236 
229 204 186 205 233 220 213 198 63 253 46 203 147 251 255 188 59 216 92 207 171 221 215 72 63 213 63 217 189 63 253 220 
196 107 155 89 224 216 234 197 218 187 2 143 210 148 251 187 187 221 108 86 255 255 223 58 255 85 255 251 175 89 100 237 
3 6 12 142 39 159 30 49 38 70 23 4 152 61 61 7 139 201 206 94 39 89 92 170 63 145 189 234 190 190 110 234 
101 230 118 137 200 213 167 241 172 255 168 200 205 45 177 45 140 203 110 197 183 249 244 209 61 217 174 203 159 53 124 237 
187 213 104 110 55 115 223 142 246 159 245 248 62 26 100 223 47 238 186 169 35 223 182 133 62 214 132 236 20 62 255 221 
3 6 13 140 39 95 31 63 182 94 63 5 25 61 61 167 133 206 126 105 232 126 246 243 57 221 110 207 142 125 76 173 
38 39 136 35 23 144 12 1 98 195 19 98 170 7 32 19 112 250 255 93 106 223 158 231 219 182 255 152 95 181 95 186 
141 223 239 221 54 249 252 117 57 219 237 201 210 84 236 235 93 234 93 232 122 91 247 110 59 124 252 249 93 119 205 248 
251 253 235 63 119 235 93 170 219 171 253 250 254 140 110 254 243 221 108 254 39 220 95 9 127 119 61 232 63 187 124 222 
135 201 207 205 38 220 221 8 191 149 55 219 143 123 92 152 195 223 204 123 253 184 125 80 61 127 44 235 174 251 236 143 
231 238 251 227 248 220 255 193 125 223 134 254 243 63 250 221 237 233 238 89 243 253 127 248 189 151 173 250 223 251 254 207 
163 233 207 206 252 76 213 170 252 21 54 219 175 123 222 136 131 201 206 222 37 90 84 130 61 145 63 203 14 255 78 170 
135 206 11 233 55 90 223 137 189 219 63 206 139 31 111 175 184 251 111 205 38 125 219 180 255 149 255 222 221 60 127 234 
227 206 139 255 241 122 247 201 253 249 174 239 163 159 239 191 255 251 110 91 246 95 87 178 255 55 127 250 63 191 254 238 
121 237 190 223 34 95 241 247 223 228 253 188 119 188 255 238 250 205 255 251 34 95 223 135 255 247 63 200 31 250 125 254 
3 6 1 138 9 204 5 79 166 100 46 4 17 61 61 165 229 236 125 235 224 222 247 1 255 223 46 201 157 63 252 252 
236 251 255 217 243 127 243 255 252 213 142 239 255 252 255 237 239 239 250 250 115 95 85 143 254 246 132 188 55 254 253 222 
71 6 1 186 200 140 39 73 160 102 3 6 145 103 189 3 219 217 206 222 39 89 92 170 127 177 189 250 62 254 110 250 
65 206 179 152 1 6 9 207 166 230 161 138 195 137 191 15 186 251 126 239 255 249 223 153 255 219 189 251 175 95 108 253 
135 201 76 207 38 216 220 0 59 149 55 203 142 115 92 152 129 222 92 107 253 248 247 24 191 21 172 235 174 123 108 189 
205 254 222 123 249 241 247 220 250 183 164 170 174 251 167 217 35 221 106 219 183 217 213 153 63 211 189 170 173 222 109 255 
31 43 139 255 54 114 248 166 73 182 127 180 82 214 219 234 239 253 109 223 247 125 95 216 255 95 173 251 175 123 230 253 
35 206 137 139 239 220 131 9 239 87 63 206 187 127 124 189 251 220 94 239 255 255 223 48 63 255 126 201 30 185 124 255 
33 198 13 138 201 157 135 57 230 70 46 68 49 63 125 37 141 206 94 79 235 91 246 180 57 157 46 203 30 59 239 233 
3 7 13 154 7 159 7 61 182 126 62 5 25 61 61 39 227 205 238 52 201 142 85 2 175 101 37 202 143 233 118 31 
205 239 207 221 113 91 244 255 121 217 174 255 114 247 239 233 130 2 16 3 200 64 128 132 66 33 2 71 32 67 3 17 
251 255 238 95 55 127 221 190 255 190 247 187 126 186 111 222 125 190 247 205 238 255 177 247 250 252 206 205 95 245 123 237 
237 238 126 125 51 255 255 200 188 183 239 250 222 58 239 223 122 170 239 203 226 221 209 167 223 254 126 156 93 177 95 254 
5 7 145 152 9 14 5 79 166 100 46 4 17 253 191 37 161 205 252 50 201 200 117 74 191 37 133 234 174 235 228 29 
231 236 123 248 121 94 251 202 127 255 175 254 103 255 220 255 186 221 124 255 167 221 95 33 255 255 125 222 189 126 124 254 
229 237 255 220 49 94 253 254 127 247 175 248 103 255 222 239 233 207 238 219 127 127 117 187 189 245 126 235 191 255 124 239 
216 48 223 179 254 243 243 180 212 189 84 95 255 241 19 120 156 218 238 237 55 253 253 255 157 219 254 253 91 28 255 239 
67 6 8 186 207 158 14 1 36 102 59 6 152 173 61 39 187 238 237 77 234 221 213 229 251 125 124 217 95 121 126 236 
237 235 255 251 251 125 251 204 236 231 231 254 255 250 255 239 101 239 122 250 49 222 247 79 191 214 13 236 49 62 253 223 
197 201 206 220 232 94 116 166 60 53 118 203 142 249 94 138 195 201 76 223 233 88 86 160 61 53 63 202 142 255 94 170 
204 216 79 233 255 123 247 250 189 181 110 202 31 253 255 233 187 221 94 222 46 95 209 130 63 213 47 200 30 123 124 253 
197 207 154 223 225 218 246 209 57 241 47 203 130 151 239 171 251 216 108 106 119 127 87 152 255 53 253 234 191 187 126 223 
65 14 167 140 201 15 5 127 164 100 134 5 83 253 63 13 109 239 251 249 72 222 225 71 60 212 4 237 83 254 191 252 
195 221 138 189 39 122 222 151 57 203 63 206 138 133 111 187 187 221 238 223 55 253 221 63 191 255 127 217 63 254 124 255 
236 235 239 223 119 127 241 191 252 213 142 239 255 190 255 239 105 254 58 203 234 223 163 7 126 116 12 141 53 126 253 253 
3 7 144 168 73 142 36 71 38 78 42 4 16 109 189 53 47 237 254 250 34 254 253 3 125 247 111 202 223 127 124 159 
226 43 147 246 248 158 96 3 212 89 46 71 131 211 146 57 137 218 76 73 255 253 215 48 61 29 84 203 142 121 124 141 
11 134 12 168 7 189 166 53 52 94 86 69 152 61 61 5 147 249 79 219 252 88 213 138 255 21 63 250 175 255 220 184 
3 7 1 154 9 12 7 13 166 100 47 4 17 125 61 37 169 207 244 86 1 207 37 66 175 69 3 203 159 253 244 13 
229 237 250 223 32 94 245 198 123 213 175 235 102 187 222 159 173 239 239 76 186 253 245 119 249 85 254 217 95 117 254 232 
185 191 255 117 46 247 253 119 209 255 253 221 222 252 20 126 122 56 215 183 255 171 115 122 222 37 215 113 239 219 144 88 
248 252 255 205 228 239 245 247 255 213 246 203 207 177 91 140 101 237 255 220 56 223 245 67 127 253 174 249 127 255 252 254 
255 255 242 254 35 95 125 139 79 213 253 254 183 254 246 126 231 236 125 222 32 94 95 3 127 252 47 233 31 191 252 255 
131 201 142 207 166 220 220 178 61 149 53 203 142 123 86 136 193 207 78 93 236 90 84 146 57 181 46 207 14 253 76 171 
195 205 138 159 37 90 222 131 59 203 47 206 130 135 111 187 170 207 238 221 238 255 221 51 61 213 127 203 159 253 124 237 
35 205 139 239 39 222 223 11 255 207 61 200 187 111 124 189 220 217 254 253 54 127 248 246 63 213 127 221 31 253 255 254 
3 6 13 140 39 95 31 61 166 70 63 4 25 61 61 165 237 207 108 201 35 95 255 205 188 214 141 172 49 62 253 207 
133 206 199 77 200 204 167 232 184 21 38 219 143 123 222 136 248 220 239 221 254 127 223 247 191 255 127 157 95 189 123 238 
199 206 138 207 237 218 214 151 59 217 46 207 130 215 111 169 207 222 94 235 255 251 246 153 63 211 46 234 158 30 236 253 
69 7 165 152 201 15 7 127 166 100 170 4 81 237 63 39 59 205 236 239 39 220 222 1 127 223 191 234 190 63 124 156 
7 7 41 152 129 28 5 75 164 70 171 4 81 237 61 37 251 220 236 54 191 173 93 56 191 101 253 235 175 251 102 31 
186 218 94 203 247 123 214 145 63 217 46 251 191 63 255 253 124 234 255 201 234 95 243 237 255 252 126 157 93 119 223 236 
67 6 9 170 207 156 7 9 164 70 19 6 153 45 61 5 199 201 206 254 33 90 84 130 63 149 47 203 14 255 94 186 
237 239 254 121 115 95 253 206 172 167 231 186 254 186 239 222 57 238 255 139 138 221 163 5 126 247 140 236 117 62 253 252 
7 102 73 154 145 156 7 9 164 102 43 52 145 47 253 103 105 205 223 122 106 223 117 2 253 52 44 137 31 251 252 255 
13 14 167 172 73 47 37 127 180 124 198 5 83 253 63 13 111 239 250 255 35 220 253 73 255 247 133 174 183 254 253 222 
69 7 144 184 1 142 36 67 36 100 2 4 16 237 189 7 227 77 236 54 229 154 95 10 57 117 173 234 174 185 100 31 
195 222 138 207 237 90 214 151 59 217 46 207 162 87 111 185 170 223 76 207 255 221 222 145 63 221 63 203 191 127 124 253 
69 6 144 152 201 140 36 67 36 100 3 4 144 239 189 7 219 201 78 250 35 121 124 138 61 187 253 234 190 255 108 250 
67 198 161 169 201 148 7 77 166 102 128 136 193 89 63 29 232 222 126 233 253 248 190 217 45 251 169 234 230 157 236 173 
236 251 255 205 250 127 240 243 252 217 196 239 255 244 255 237 107 206 58 251 35 221 214 5 63 247 5 236 188 62 125 223 
28 234 183 9 200 201 160 247 217 185 254 223 210 240 207 232 185 222 127 205 255 253 247 248 63 253 254 219 207 125 252 253 
3 7 13 140 39 95 31 63 164 70 63 4 25 61 61 165 236 205 238 219 166 125 240 179 61 211 47 206 158 246 127 239 
99 6 129 154 79 14 5 15 230 100 62 4 57 189 61 39 129 206 110 73 232 92 247 240 57 221 46 207 142 61 207 172 
120 236 187 29 234 221 251 245 221 230 255 156 209 84 255 238 227 221 138 31 55 222 221 10 191 135 61 234 190 142 110 255 
229 238 123 195 248 220 255 193 126 95 6 127 179 127 250 197 50 254 252 207 238 221 222 21 127 85 31 205 220 119 126 157 
71 7 128 186 201 142 6 65 38 102 43 4 144 239 189 55 111 236 254 233 232 220 252 67 125 255 14 202 222 191 252 222 
193 201 222 222 96 90 116 246 120 53 102 203 174 243 222 138 219 217 206 95 167 89 85 162 255 53 61 250 191 254 126 250 
135 232 207 239 248 92 245 200 252 21 38 219 143 123 222 136 177 222 126 79 232 252 246 177 59 213 46 207 142 125 78 173 
102 234 251 75 248 222 218 207 254 186 142 253 115 246 251 249 122 234 255 239 234 221 179 165 255 213 127 159 221 56 127 252 
153 250 127 205 232 125 245 240 251 21 238 203 223 117 126 169 185 254 125 74 234 93 117 227 123 85 254 251 126 119 236 248 
186 218 178 239 247 248 172 208 111 155 251 202 239 25 126 189 184 223 254 255 51 253 245 91 253 221 238 235 191 189 252 255 
167 236 46 237 165 220 219 128 123 215 191 238 238 61 78 191 167 236 253 76 32 94 85 199 123 244 45 201 94 51 254 255 
179 218 138 255 37 240 221 138 61 187 253 232 47 185 69 190 236 203 239 217 246 127 117 251 189 117 174 203 223 253 254 239 
239 110 251 247 248 220 247 193 125 245 135 254 243 191 250 223 34 255 253 204 34 223 215 5 255 212 15 205 221 53 126 159 
99 7 1 154 71 14 15 11 230 102 59 6 57 239 61 55 42 201 108 250 35 253 124 11 61 250 127 184 189 126 252 238 
197 201 255 252 32 126 117 250 188 189 230 203 79 249 222 138 235 221 236 94 63 125 93 58 253 119 253 234 175 249 118 175 
15 134 140 168 143 189 166 53 52 94 86 69 24 125 63 5 150 201 76 207 37 216 220 160 63 145 63 202 142 63 76 184 
255 251 255 255 55 127 221 170 223 159 253 254 255 254 126 254 233 223 254 255 255 127 247 219 189 253 174 235 191 255 254 253 
199 201 205 253 166 220 95 140 189 181 53 202 155 185 118 138 202 201 206 222 103 91 94 14 63 161 189 168 63 255 108 250 
172 234 111 79 167 217 218 189 255 155 159 239 253 54 123 235 102 234 109 139 250 222 159 41 253 126 84 186 221 63 221 204 
124 235 179 25 2 79 165 247 205 132 248 189 115 148 255 234 120 205 190 223 34 95 221 167 223 246 127 156 95 188 127 238 
60 238 183 73 50 223 161 247 217 252 248 255 243 144 255 238 28 234 223 235 40 220 244 229 217 184 126 157 221 55 219 170 
195 206 154 251 233 218 118 137 63 243 46 174 162 159 239 191 252 223 255 217 114 127 117 243 191 245 108 218 223 185 254 255 
67 6 144 186 8 14 6 7 34 100 46 4 16 181 63 51 58 217 124 234 99 219 223 4 63 94 191 236 61 125 125 252 
236 250 255 221 114 127 240 247 252 249 134 239 255 180 255 239 43 238 250 250 59 223 247 79 124 246 132 252 53 62 191 223 
1 6 129 136 137 140 5 79 166 100 46 4 17 61 61 37 250 217 58 255 39 217 93 9 255 155 253 234 191 234 108 254 
237 110 239 241 248 221 255 193 125 255 135 126 243 255 250 207 191 253 254 90 55 95 221 62 255 159 189 248 63 254 252 252 
1 7 145 154 1 14 5 79 166 68 47 4 17 253 189 39 247 252 109 207 254 221 223 129 127 247 63 250 255 63 126 253 
145 206 215 79 200 77 165 250 186 29 38 219 143 123 222 136 219 201 206 223 231 91 85 162 63 181 61 202 159 252 126 234 
137 222 93 109 255 249 247 248 189 245 236 207 157 124 237 237 43 218 108 107 191 249 247 48 189 191 254 205 188 125 125 237 
251 255 255 223 54 127 221 183 127 247 127 222 31 191 127 254 253 252 255 105 62 127 241 246 251 191 244 251 223 185 255 218 
190 221 111 253 55 125 249 249 189 223 255 218 223 185 127 239 204 205 110 249 35 121 242 193 61 217 174 239 158 61 239 239 
69 7 37 152 65 15 5 123 166 100 175 6 81 253 61 39 105 205 120 122 33 223 119 73 237 198 133 168 48 62 237 206 
97 207 5 218 225 223 35 123 237 85 46 207 179 125 124 173 251 221 254 221 255 125 221 242 63 255 255 219 95 249 126 255 
7 7 9 152 1 30 7 73 164 70 43 6 17 109 61 37 197 207 79 73 248 88 213 234 187 29 46 223 143 255 206 168 
227 22 236 118 239 190 95 16 53 117 183 99 174 187 4 23 26 217 78 253 55 249 252 246 61 223 255 201 94 252 125 235 
220 59 223 242 34 95 116 198 119 252 46 225 87 182 178 211 141 223 222 223 242 127 252 211 61 221 47 203 158 254 252 237 
97 7 133 154 73 15 5 63 230 100 46 4 49 255 63 39 161 205 124 86 169 205 93 48 191 101 5 234 175 251 244 13 
97 206 21 138 233 223 3 121 239 117 46 206 179 125 124 173 168 218 110 201 253 249 246 217 61 219 174 235 174 93 236 173 
35 70 41 138 207 156 7 73 230 102 187 4 249 109 125 37 135 201 222 252 32 90 85 130 63 149 47 202 15 191 222 186 
251 255 238 91 55 127 223 190 254 191 255 250 126 186 111 207 45 207 188 250 33 95 246 67 60 246 132 174 176 62 253 207 
133 204 155 235 33 222 245 79 189 215 44 200 147 63 252 175 56 234 191 235 40 253 164 231 221 182 126 152 85 177 221 170 
135 201 237 253 32 92 125 232 189 191 245 203 207 249 86 138 137 207 76 233 185 249 245 80 61 85 108 203 142 121 236 141 
73 7 148 184 73 47 36 119 36 68 70 4 16 253 63 5 59 221 76 127 55 185 89 24 255 187 245 250 191 235 108 95 
196 201 239 220 224 124 117 250 188 61 230 203 207 249 222 138 209 201 94 91 225 90 118 160 63 49 46 203 142 255 78 186 
65 71 1 186 1 140 47 73 165 230 43 132 145 173 125 39 222 201 78 250 55 123 117 42 61 244 254 188 63 191 252 238 
245 253 127 223 117 95 223 186 127 213 191 251 111 191 222 191 173 206 110 203 255 255 247 145 189 213 14 207 159 63 254 237 
195 207 138 255 233 250 254 137 57 251 175 175 162 213 111 171 60 186 255 233 58 255 241 246 253 245 214 253 127 248 255 252 
67 7 12 154 71 31 6 55 38 102 63 4 24 125 61 39 141 222 94 73 235 93 247 212 59 221 46 203 158 123 239 237 
35 7 1 143 207 132 3 9 230 68 19 6 185 109 57 37 227 253 236 94 55 91 93 26 255 7 189 234 190 239 108 223 
133 201 207 205 160 220 221 168 189 149 55 203 143 57 94 136 251 221 110 247 55 255 215 185 159 245 127 220 63 222 124 254 
133 200 237 204 232 92 125 238 188 61 166 203 207 249 222 136 58 168 239 203 54 223 215 175 223 214 126 244 125 62 91 230 
107 207 9 250 111 223 135 11 239 119 57 206 187 126 124 253 185 220 127 237 182 253 253 248 253 255 252 219 255 57 254 255 
69 7 45 152 9 31 37 123 164 110 170 6 81 237 191 39 219 201 206 252 39 89 93 130 63 183 61 202 159 188 118 250 
179 223 146 119 189 252 217 150 30 253 117 203 166 217 86 191 84 234 255 73 224 222 161 230 201 180 126 156 83 181 223 170 
240 237 255 217 208 255 247 247 253 245 230 219 239 177 219 142 125 251 124 120 50 255 127 64 189 191 239 250 221 63 252 222 
184 250 247 205 234 221 181 244 250 149 254 219 255 181 255 200 101 237 254 250 32 222 117 67 127 213 47 234 151 255 252 223 
235 221 234 123 247 217 223 140 254 159 181 234 186 154 110 223 248 249 255 221 62 127 223 247 223 255 255 157 95 252 123 238 
227 233 237 222 248 222 87 108 252 53 246 219 239 249 222 138 232 251 239 241 54 253 245 123 253 223 238 219 207 181 252 239 
3 71 13 138 7 29 7 57 180 94 62 5 25 61 125 39 231 236 108 222 40 94 95 3 127 117 47 138 31 191 124 159 
69 6 181 128 201 199 39 127 164 102 131 4 209 45 179 5 18 234 11 171 232 216 158 228 205 183 127 152 209 52 95 184 
65 6 16 174 1 140 38 65 38 100 3 4 144 47 189 23 210 200 76 203 237 88 86 128 127 177 63 234 174 63 78 186 
65 7 132 152 1 15 36 119 36 100 46 4 16 189 191 39 109 236 237 216 48 223 127 67 61 246 175 186 223 191 252 207 
69 207 191 216 33 223 33 123 173 247 175 206 211 189 252 175 58 217 155 255 38 95 217 166 223 180 95 156 63 188 127 254 
251 221 234 59 215 107 95 158 253 171 253 250 254 140 110 255 251 205 108 255 167 252 95 9 125 231 253 234 191 251 124 222 
69 7 145 184 0 70 33 75 160 228 5 134 145 181 181 27 82 234 223 122 32 94 148 135 235 178 63 152 95 179 221 186 
3 6 1 138 201 142 7 13 166 68 46 4 17 127 61 37 45 190 255 201 32 221 241 247 254 220 142 141 95 189 123 175 
33 6 133 139 201 199 131 125 228 68 6 5 177 125 57 5 36 234 255 73 32 221 165 245 255 157 174 249 209 53 221 232 
135 201 207 220 38 92 93 186 189 191 117 203 207 249 86 138 219 217 206 222 54 91 93 162 63 181 61 218 159 190 118 250 
1 7 17 184 1 140 45 73 164 70 43 4 17 109 189 39 187 201 108 254 39 93 93 10 255 159 253 250 191 250 124 254 
69 207 159 216 33 223 97 123 173 245 47 206 147 189 252 175 94 233 206 251 114 95 243 166 61 212 127 188 29 254 255 250 
69 7 1 184 201 14 37 79 164 100 43 4 17 237 189 39 45 174 255 249 232 125 225 215 252 252 206 13 93 253 251 237 
69 7 165 152 201 15 7 127 164 68 174 5 81 253 63 37 234 205 110 123 171 221 212 137 61 243 175 238 190 252 108 239 
239 239 123 251 241 220 119 201 77 247 197 254 243 190 214 222 60 186 255 201 234 223 161 246 250 60 206 221 95 117 255 232 
199 206 138 235 39 90 222 129 57 219 62 206 138 23 111 171 173 254 111 73 255 255 243 248 189 221 206 255 189 63 255 237 
12 203 142 248 32 251 228 115 29 187 108 207 211 148 124 171 185 220 126 205 255 253 247 240 63 245 124 217 31 61 124 237 
177 252 255 207 48 255 247 255 255 213 174 249 111 59 223 175 173 238 109 201 250 221 213 241 189 85 172 216 223 125 252 236 
133 201 207 220 96 94 85 238 190 29 38 203 15 249 222 136 217 201 206 222 39 91 84 186 61 177 125 234 62 254 102 234 
236 35 53 212 112 55 34 115 212 89 170 119 195 208 176 99 205 219 253 253 240 188 127 88 191 31 172 203 207 253 254 95 
5 39 105 184 217 156 39 73 164 70 170 52 209 111 189 101 47 238 250 233 171 221 240 197 60 255 132 236 150 126 255 252 
35 7 1 139 207 132 131 9 230 68 19 6 185 109 57 53 92 234 187 233 232 222 246 229 217 146 126 156 209 180 219 168 
131 201 77 254 176 92 93 76 254 21 39 219 143 123 222 152 186 253 110 79 255 253 221 185 255 213 191 251 191 127 124 237 
43 207 138 255 167 217 222 9 111 211 61 206 186 126 108 255 252 238 239 201 34 223 212 231 93 247 127 156 91 182 255 238 
65 7 141 154 193 159 7 125 164 102 46 4 17 189 191 39 163 207 108 71 167 221 149 0 175 85 5 202 159 63 116 77 
67 6 9 154 207 156 15 9 166 102 59 6 153 237 61 39 171 204 237 108 42 125 245 15 185 124 108 201 31 61 126 253 
35 206 0 235 233 216 130 9 127 89 14 207 176 127 109 189 120 249 255 255 34 223 248 167 223 186 223 156 127 180 123 250 
56 186 255 73 106 223 160 247 250 152 142 69 93 117 121 225 235 221 77 118 255 121 87 152 189 53 47 235 191 254 100 253 
171 206 228 14 203 143 135 2 127 85 6 203 190 123 124 221 243 221 77 246 55 42 87 26 127 117 189 251 175 187 100 223 
199 205 171 217 39 122 221 219 189 235 191 206 203 141 111 175 58 186 255 237 106 95 209 230 255 212 254 221 127 60 127 248 
76 235 147 95 50 219 248 199 219 184 128 189 114 150 237 251 155 217 110 253 55 249 253 242 125 223 253 201 127 156 125 251 
207 201 239 252 34 95 93 206 189 191 245 202 219 185 118 202 197 206 126 73 248 126 247 241 57 213 46 207 206 125 206 173 
3 6 140 136 7 159 6 55 36 70 63 4 24 61 61 39 59 216 92 234 234 223 215 4 127 116 127 216 29 63 125 252 
133 201 255 252 176 92 245 238 188 21 230 219 207 249 222 136 197 207 206 89 225 122 118 242 57 181 111 206 142 253 206 170 
248 202 199 199 234 73 133 175 221 145 126 95 191 183 91 232 221 250 223 236 122 127 253 230 123 93 124 249 95 247 222 248 
7 7 1 181 160 140 25 73 168 71 3 14 145 101 52 3 122 235 155 122 34 222 92 7 207 130 121 136 83 166 124 250 
199 205 138 155 103 90 222 147 59 227 63 238 170 135 111 171 232 223 111 221 246 125 117 243 189 245 237 142 223 253 254 239 
187 220 202 235 55 217 216 135 91 251 126 248 62 178 111 250 163 205 238 197 39 221 213 177 189 213 31 206 159 61 126 175 
158 250 10 61 39 249 154 129 207 171 217 238 243 6 127 251 45 223 252 72 53 189 247 121 189 85 198 235 143 123 252 205 
255 254 254 41 119 127 191 254 254 151 255 250 126 186 239 223 45 238 190 201 168 221 163 133 60 255 12 141 16 62 255 237 
197 46 151 193 32 82 160 247 121 249 66 199 66 177 131 138 171 223 108 218 255 125 85 27 255 85 172 235 191 125 124 237 
254 250 126 139 251 221 147 136 254 247 150 254 191 62 255 252 109 206 44 139 75 223 34 5 60 246 4 172 16 62 253 238 
3 7 129 188 0 70 40 67 32 198 1 134 208 165 55 11 18 234 155 207 170 216 156 164 91 185 127 217 212 52 93 184 
135 200 77 205 40 220 221 8 191 149 55 203 143 59 92 152 56 232 239 207 34 255 241 119 221 252 126 221 127 185 95 238 
133 206 199 77 216 78 133 250 186 157 38 219 143 123 222 136 171 221 239 241 255 125 253 223 188 255 254 249 127 249 254 253 
3 134 12 138 7 159 134 49 52 94 22 69 152 61 61 5 47 207 174 200 99 223 214 7 60 214 132 236 152 126 127 205 
3 6 12 142 39 157 30 49 38 70 23 4 152 61 61 5 197 206 78 75 233 88 246 176 57 25 110 207 142 255 206 168 
169 206 246 11 202 15 167 131 127 221 6 203 190 123 255 205 123 221 78 255 183 253 221 176 61 255 127 201 158 252 125 255 
35 198 128 158 47 16 10 141 102 226 49 138 168 91 47 31 140 251 110 233 245 248 188 217 45 211 173 234 234 21 236 237 
163 223 108 119 255 184 213 24 255 85 191 107 174 91 68 29 227 220 108 54 255 186 87 26 63 117 189 234 174 185 100 31 
35 6 173 134 239 157 31 125 246 126 151 65 249 121 54 5 24 234 31 237 170 253 190 228 217 189 126 217 221 49 95 184 
169 239 229 10 203 15 133 75 253 85 6 235 191 123 254 205 122 235 239 221 230 95 222 167 223 144 127 158 91 244 123 234 
39 39 39 39 39 39 39 39 39 39 39 39 39 39 39 39 232 232 232 232 232 232 232 232 232 232 232 232 232 232 232 232 
7 7 9 152 135 156 5 9 164 70 59 6 153 109 61 37 198 200 78 219 32 90 86 130 61 181 46 218 143 191 222 170 
69 207 29 216 105 223 35 123 173 116 46 206 147 253 252 173 122 217 142 223 38 221 216 166 159 182 63 156 29 188 127 254 
184 140 230 135 3 75 208 179 127 216 254 103 62 181 107 236 141 202 111 201 252 253 247 240 189 213 174 222 207 125 252 233 
133 201 207 204 232 92 213 186 190 21 54 219 143 123 94 136 133 207 92 72 233 90 214 176 59 27 46 207 14 127 76 168 
48 202 71 135 170 205 133 61 223 189 94 93 191 55 217 224 173 238 230 197 187 237 245 113 57 213 110 253 158 127 236 237 
5 6 144 172 9 132 36 69 36 100 2 5 16 47 187 23 189 254 238 237 55 253 245 254 57 213 254 255 190 63 239 237 
230 234 147 111 232 216 248 199 218 185 130 111 242 214 251 249 60 250 239 201 126 255 151 120 255 149 214 249 239 61 252 205 
172 50 125 194 255 253 167 121 244 123 234 113 111 90 240 101 174 218 238 200 254 125 209 182 189 23 118 202 159 123 126 205 
142 216 78 207 55 255 222 145 63 223 63 202 159 63 127 239 174 205 239 205 54 221 217 137 189 223 63 206 159 61 127 237 
251 255 255 255 118 127 221 255 255 255 255 223 255 189 127 254 187 249 239 223 54 255 209 190 255 157 244 251 255 123 127 252 
207 201 237 253 38 253 93 236 189 191 245 202 219 185 118 202 170 219 109 223 246 125 85 145 253 85 45 202 159 255 126 237 
255 251 239 203 247 127 219 190 252 223 246 255 127 186 127 237 251 221 108 123 39 251 219 153 254 219 181 234 190 57 110 159 
239 236 238 105 239 93 223 140 248 183 247 250 254 58 111 204 109 239 239 221 34 223 243 71 124 212 141 172 81 62 253 238 
5 7 144 152 1 142 36 71 36 70 42 4 16 173 61 39 58 201 108 254 55 253 124 41 253 250 253 186 189 254 124 238 
184 251 254 235 147 253 225 202 254 223 198 255 255 190 255 254 172 238 247 205 232 117 225 247 248 252 206 221 93 117 219 232 
247 239 106 253 55 220 91 8 31 247 255 254 175 191 92 190 232 207 254 235 235 127 247 219 189 85 172 239 191 255 254 237 
69 207 159 216 33 223 99 123 173 213 47 206 147 253 252 175 254 221 239 255 182 253 249 253 61 213 127 223 159 190 255 238 
173 206 229 8 203 15 135 75 175 69 6 203 159 123 254 205 225 205 236 54 1 204 117 8 173 101 133 202 174 249 102 15 
193 201 175 221 232 223 127 250 189 191 245 203 203 249 86 138 236 235 239 249 242 127 115 218 189 95 236 218 223 249 254 239 
232 218 247 216 125 255 173 126 189 255 234 249 99 217 252 239 248 251 239 255 54 127 252 183 221 190 126 157 95 180 123 234 
204 239 155 120 35 91 124 75 121 179 173 238 242 214 236 235 220 235 255 253 98 95 248 231 89 220 126 157 95 244 255 250 
174 250 231 249 191 253 173 254 189 191 250 251 203 217 254 237 236 237 239 93 50 127 125 251 253 255 175 250 223 253 252 239 
207 201 173 253 38 221 93 236 189 191 245 202 223 185 118 138 62 170 239 203 58 221 221 239 223 222 254 189 125 62 255 252 
1 7 149 152 73 15 37 127 166 68 6 4 17 253 63 5 197 201 94 73 225 90 116 194 61 17 46 202 142 255 206 168 
236 250 255 201 250 127 240 247 254 249 132 239 127 246 255 237 59 221 190 122 35 95 217 11 254 214 181 168 62 250 109 222 
236 250 255 205 248 255 240 247 252 157 206 207 223 181 251 237 248 248 255 221 54 255 223 255 223 255 95 221 95 189 91 238 
65 7 149 152 1 135 47 123 165 230 43 132 145 173 185 39 20 170 251 201 232 220 182 229 219 148 254 28 81 53 219 240 
195 207 131 218 33 222 5 15 175 229 45 200 19 191 126 175 248 217 222 255 247 127 251 242 125 253 126 223 63 191 255 239 
3 135 12 138 7 159 134 49 52 94 62 69 24 125 61 37 135 206 79 77 180 248 215 184 185 149 127 223 143 61 76 168 
77 207 175 248 65 255 35 127 173 244 238 140 81 253 255 175 230 218 110 203 255 248 220 153 63 251 173 234 175 159 236 255 
135 201 237 220 38 92 93 122 189 191 245 203 207 249 86 138 219 217 206 222 39 91 92 170 63 177 125 234 190 190 102 250 
69 6 17 136 200 140 39 73 162 102 43 4 17 39 189 35 237 239 110 216 35 95 119 203 60 246 133 174 83 188 255 207 
65 7 25 184 128 156 47 73 160 110 43 6 145 165 189 51 187 221 124 254 39 221 93 9 255 223 61 234 191 122 124 254 
69 204 173 152 73 223 63 127 189 110 172 136 81 173 253 175 24 234 143 137 32 221 164 230 217 158 126 157 81 180 223 170 
5 39 205 138 17 95 5 63 166 70 46 52 17 255 189 229 251 221 78 127 55 249 93 152 255 179 181 250 191 187 100 223 
69 207 143 216 32 223 55 123 185 246 45 206 211 181 124 171 184 217 126 255 183 253 249 242 125 221 127 221 63 253 124 239 
228 59 147 214 112 158 194 83 198 81 47 118 195 211 144 49 59 221 110 253 55 255 255 246 61 221 255 217 31 124 125 239 
35 7 129 154 7 142 5 15 230 100 62 4 57 189 61 55 253 253 254 250 32 95 117 3 127 213 46 234 63 191 252 223 
184 250 119 205 250 253 166 241 251 149 254 219 255 53 223 232 250 221 108 250 39 94 95 11 127 86 191 232 61 63 124 254 
69 6 165 152 201 15 7 127 182 124 170 5 81 237 191 37 59 221 236 127 55 185 217 25 255 219 245 250 190 123 108 95 
161 253 255 203 120 127 245 255 253 221 238 233 111 251 223 173 163 204 125 106 105 94 245 79 191 84 44 201 31 57 236 189 
13 57 222 145 223 243 231 252 252 174 206 52 125 76 251 193 129 210 21 11 221 32 166 220 58 25 168 75 36 21 143 169 
65 7 17 152 0 140 46 65 32 102 43 6 144 229 61 35 61 254 253 72 50 127 117 119 185 84 236 157 93 61 255 238 
181 205 46 205 39 93 215 180 191 213 63 203 31 59 127 174 41 206 239 72 42 93 245 119 249 244 174 205 95 61 127 237 
147 201 239 220 38 124 93 250 189 191 245 203 207 249 86 138 233 221 239 124 119 59 125 90 185 125 236 235 238 185 236 239 
234 218 78 223 255 255 222 145 63 255 62 203 191 255 127 255 225 207 254 223 233 220 241 203 191 245 14 207 175 255 252 173 
12 3 148 220 41 181 100 117 53 248 6 1 0 87 185 7 182 186 227 137 255 148 133 217 206 91 186 122 235 91 155 93 
3 6 1 168 137 140 7 77 164 100 10 4 17 45 57 37 237 254 231 125 60 255 189 254 249 191 250 253 111 191 223 239 
236 219 111 249 247 253 255 217 189 255 238 219 223 253 253 239 60 254 127 205 58 221 245 243 255 220 126 221 95 117 221 236 
225 38 163 65 233 214 162 251 209 219 162 103 226 209 2 37 249 249 239 253 54 253 249 252 253 191 245 251 255 249 127 238 
3 6 16 138 201 136 4 3 38 104 42 5 16 237 45 53 235 207 100 50 199 205 7 1 45 85 6 203 158 127 124 29 
7 6 128 168 73 10 4 15 38 64 47 4 16 189 47 53 47 204 252 110 42 220 221 5 191 93 44 201 158 59 252 221 
129 206 147 203 137 216 133 15 175 241 44 205 147 127 238 189 191 220 127 237 255 253 255 217 191 255 254 249 207 125 252 253 
133 200 77 204 248 92 215 200 188 21 38 219 143 123 222 136 207 220 110 109 255 187 127 216 57 127 172 235 174 185 236 237 
127 236 251 171 2 207 241 231 223 230 220 188 119 174 255 254 187 220 94 207 191 125 221 176 127 253 127 219 190 249 126 252 
251 217 154 255 231 249 93 174 223 187 253 174 191 188 111 254 248 223 126 223 239 253 247 249 191 245 108 207 191 253 124 255 
247 252 105 239 253 220 219 136 127 247 191 254 239 127 220 189 58 217 108 250 39 255 93 34 63 214 125 138 189 253 124 254 
163 233 237 238 248 94 215 204 252 29 246 219 239 121 222 152 187 220 255 247 190 125 253 255 255 255 255 219 127 253 118 253 
251 206 8 255 167 217 94 41 95 243 253 238 190 190 108 254 250 249 238 218 55 91 93 63 255 218 253 188 63 190 124 254 
181 253 109 207 53 95 223 184 127 213 191 251 111 59 220 173 187 216 108 234 39 95 223 136 127 215 189 254 61 61 124 252 
178 210 0 199 238 156 154 145 78 81 63 78 171 83 82 53 133 218 205 108 189 248 247 88 189 21 6 203 143 59 222 141 
197 201 239 221 32 125 125 250 189 191 245 203 207 249 86 138 122 168 239 235 254 221 223 173 223 255 126 252 127 127 91 252 
67 6 8 186 199 156 6 1 36 102 59 6 152 173 61 55 250 205 238 250 55 93 93 135 255 215 125 190 63 254 126 254 
229 237 239 221 49 222 223 202 63 245 47 251 131 251 220 175 189 222 126 201 251 127 243 240 189 213 206 223 223 125 255 237 
165 237 239 207 52 223 223 62 127 213 191 249 111 59 220 175 29 205 93 90 34 223 127 64 191 214 45 216 29 59 252 222 
67 6 0 154 207 140 14 1 38 102 19 6 152 173 61 23 127 222 184 184 235 223 54 5 62 118 4 172 28 126 63 221 
172 234 127 205 248 221 242 245 254 189 142 255 221 53 251 237 187 219 125 253 190 253 253 84 189 85 255 217 95 92 124 253 
77 206 183 173 97 255 167 127 189 244 238 141 81 61 255 175 149 191 223 85 168 248 253 116 251 189 254 221 206 117 204 184 
199 205 171 189 53 122 255 219 189 235 175 206 195 141 111 175 248 250 255 201 246 221 209 246 255 213 254 255 255 184 255 234 
13 7 132 184 1 47 36 119 36 68 70 5 16 253 63 7 249 222 254 223 255 253 223 189 191 253 254 239 191 125 127 253 
186 218 18 227 255 120 138 152 127 155 250 235 175 25 118 185 187 220 107 231 63 255 223 169 159 213 255 252 191 92 124 252 
69 7 53 148 33 15 63 123 164 102 131 4 81 237 180 7 187 220 94 255 191 253 93 176 63 255 127 217 30 186 124 255 
69 205 191 216 1 223 117 127 189 230 173 136 83 237 253 175 187 220 127 237 255 253 223 248 191 223 253 219 255 57 124 253 
248 250 247 205 250 255 182 241 216 149 254 223 255 53 223 232 187 221 76 254 39 222 222 1 127 215 61 234 190 59 124 222 
3 7 9 136 1 30 7 73 164 70 43 4 17 45 61 37 195 201 206 222 39 91 93 162 63 149 61 202 159 189 126 170 
178 218 190 203 255 249 140 144 111 159 186 202 238 25 126 185 168 220 126 79 55 217 221 153 191 217 174 235 191 63 236 253 
236 251 255 219 251 95 240 255 254 249 142 239 255 246 255 239 243 223 247 95 255 111 221 250 255 253 253 251 175 253 222 255 
250 189 254 247 255 237 250 185 255 251 246 255 175 235 94 254 157 254 255 109 60 255 253 246 185 189 254 217 78 117 203 168 
245 253 123 255 113 94 125 202 127 245 175 249 103 255 220 255 187 217 110 255 55 253 221 44 127 215 253 220 63 61 124 254 
251 221 234 123 247 249 93 140 254 151 245 234 190 154 110 223 239 206 42 169 99 94 183 135 60 214 133 236 17 62 255 221 
231 244 235 59 253 86 223 206 242 191 173 250 238 139 167 127 236 251 255 213 112 255 255 113 253 223 111 218 195 84 252 239 
229 237 250 253 232 94 247 194 123 245 175 235 198 251 222 191 237 239 111 223 182 157 85 243 253 213 47 218 159 255 252 239 
255 250 255 235 255 249 241 206 252 213 247 254 255 186 255 253 45 255 254 201 106 223 211 5 126 212 132 172 125 124 63 253 
163 143 236 70 255 157 221 10 239 69 23 234 191 123 116 93 173 222 255 77 60 253 245 122 185 221 110 201 78 61 236 173 
248 185 255 205 226 239 247 247 251 213 254 219 223 181 223 202 56 170 191 201 42 255 240 247 249 189 214 205 95 181 127 168 
255 251 239 217 247 127 211 190 252 223 246 254 127 248 127 237 61 254 255 205 232 253 177 247 126 252 206 141 93 125 123 173 
3 7 13 154 15 95 7 63 180 126 62 5 25 125 61 167 133 206 206 79 232 92 245 177 57 213 46 207 142 127 206 173 
150 169 152 164 33 200 248 47 25 153 255 231 242 103 78 184 122 217 175 223 38 95 217 167 223 182 95 156 31 188 127 254 
255 251 239 219 247 127 211 190 252 223 246 254 127 250 127 237 239 239 250 251 99 94 211 143 126 244 4 172 51 190 255 255 
225 204 250 219 233 220 221 204 127 255 47 250 179 251 255 252 31 216 92 203 235 217 215 4 63 87 63 252 61 127 125 248 
229 237 251 255 249 92 245 202 127 245 175 251 227 251 222 255 236 207 239 233 250 127 243 251 189 212 206 223 223 253 255 237 
3 71 13 138 7 157 7 57 182 94 62 5 25 61 125 39 59 222 108 239 39 253 223 57 253 223 213 236 253 60 125 222 
199 201 207 220 232 94 85 138 188 21 54 219 143 251 222 136 126 187 239 255 254 255 219 237 221 221 255 191 253 251 219 252 
65 7 164 136 201 15 38 119 36 68 170 5 80 237 63 37 57 190 255 201 234 221 177 245 122 252 134 13 93 117 59 233 
231 233 203 254 54 94 93 142 255 181 53 250 191 251 246 218 250 223 111 214 118 127 95 179 189 253 126 219 143 221 92 239 
7 7 41 152 1 156 7 73 164 70 171 4 81 109 189 39 107 221 104 122 55 223 91 11 126 210 181 232 62 90 108 223 
133 238 147 175 0 202 164 199 75 193 40 207 210 55 206 186 220 170 255 205 40 217 244 246 89 189 254 221 83 181 219 234 
247 236 122 239 235 220 223 196 127 223 191 251 255 187 255 252 106 201 78 250 35 91 117 10 61 212 255 188 63 255 253 254 
195 223 26 255 233 90 254 137 123 241 175 239 162 215 239 185 234 223 126 239 255 255 247 153 253 89 238 255 191 127 252 253 
3 6 0 138 73 10 6 13 38 64 43 4 48 47 45 53 111 206 106 232 99 95 255 143 188 222 140 236 57 62 125 205 
251 250 123 247 255 244 251 248 222 255 255 255 175 219 210 253 241 249 88 71 245 248 219 248 222 155 148 255 166 27 198 25 
69 6 41 152 201 158 7 73 164 102 171 4 209 237 189 39 219 217 206 254 39 89 92 162 63 151 125 202 158 188 126 250 
165 236 239 201 60 255 245 255 253 253 174 249 111 59 223 237 186 223 238 255 63 255 221 187 191 223 126 249 191 126 124 253 
35 71 9 154 129 156 7 9 230 70 43 4 177 109 125 37 229 236 124 218 40 95 119 3 127 117 47 136 31 255 252 190 
252 251 255 223 115 127 240 255 254 216 206 173 127 182 255 239 45 190 254 205 46 223 208 247 126 252 134 141 92 125 59 173 
71 7 141 152 199 31 7 63 164 102 59 4 25 237 63 39 253 238 239 76 110 127 255 247 249 253 254 217 95 181 126 232 
255 254 127 103 255 189 223 217 254 251 158 127 255 94 232 213 109 175 247 245 120 255 231 254 253 252 238 247 207 255 251 239 
35 134 145 131 201 196 131 13 230 69 2 68 177 111 49 21 16 234 31 105 232 216 166 228 217 157 126 217 213 113 221 168 
248 235 255 205 234 255 247 246 249 149 254 219 223 245 255 200 167 237 109 232 96 94 255 67 61 87 175 232 95 61 252 237 
65 7 13 138 193 31 7 61 164 70 46 4 17 191 61 39 171 221 76 90 55 249 89 26 254 155 181 232 62 171 108 223 
250 255 255 255 50 119 253 239 255 222 93 220 95 245 255 254 3 5 16 38 1 130 14 10 2 0 129 96 160 3 4 17 
239 235 239 217 255 127 211 190 252 255 246 255 127 250 127 237 59 223 174 251 39 253 220 51 125 223 212 238 190 62 125 206 
248 250 247 205 250 255 182 241 216 149 254 223 255 53 223 232 229 236 108 200 96 223 87 1 61 85 47 200 31 63 252 172 
207 201 239 253 34 125 125 206 189 183 245 202 219 185 118 138 235 223 110 86 255 251 87 58 189 53 255 251 191 252 100 237 
248 250 255 205 250 255 247 253 216 149 254 223 255 117 223 232 45 236 253 232 32 223 247 69 189 84 14 200 221 63 254 141 
5 206 143 201 41 223 243 121 189 245 46 207 147 61 124 173 187 220 126 207 191 253 223 184 127 223 253 217 191 57 124 253 
65 7 133 154 73 15 5 63 166 100 46 4 17 253 61 39 251 221 238 122 39 123 89 155 255 211 181 234 190 185 110 159 
92 233 147 253 0 99 248 246 89 168 94 189 83 134 219 234 58 249 223 255 54 253 217 230 255 254 125 189 63 174 253 254 
99 7 9 155 135 156 15 9 238 103 19 14 185 173 61 23 47 238 250 233 235 220 255 77 62 247 133 236 245 62 191 221 
65 7 132 152 201 15 6 119 38 100 46 5 16 253 63 37 207 205 206 235 98 95 215 130 63 215 61 218 158 187 252 220 
65 7 133 156 201 15 39 127 164 100 6 5 17 253 63 5 133 238 126 77 232 254 246 241 57 213 238 207 206 117 204 173 
175 239 251 225 248 94 253 195 125 223 134 119 243 127 250 221 142 234 111 237 186 121 176 197 248 16 254 253 93 53 255 248 
220 57 255 208 34 95 117 246 247 246 175 128 87 180 178 243 186 222 78 239 255 249 212 25 63 81 63 234 191 126 108 253 
19 22 25 170 143 156 7 9 166 102 19 6 157 45 61 21 59 221 104 123 55 253 217 25 254 219 245 234 190 90 108 93 
204 218 94 219 255 253 246 177 61 241 46 235 159 255 253 239 204 207 94 91 235 217 242 201 61 177 46 238 190 127 237 239 
3 6 0 168 9 8 4 15 38 96 46 5 16 125 45 53 58 234 255 236 42 126 240 199 249 148 254 207 93 117 95 184 
65 205 191 217 233 223 119 127 189 246 172 136 81 253 253 175 84 234 127 201 40 221 166 229 79 178 255 152 93 49 223 234 
118 253 187 123 48 222 252 7 223 159 237 252 99 151 220 190 246 249 250 127 246 222 218 7 223 133 183 252 254 115 92 248 
251 207 171 255 39 127 93 171 157 255 253 206 59 188 126 238 254 237 109 254 183 221 95 9 255 87 253 254 189 126 124 254 
69 39 13 152 192 31 6 117 34 102 42 6 16 167 191 35 188 250 255 236 40 125 176 247 249 180 254 141 95 181 95 170 
232 59 255 240 254 127 100 123 116 123 234 98 231 212 182 105 216 250 127 201 254 253 255 252 221 191 254 223 223 180 95 234 
251 255 238 95 55 127 223 190 254 191 255 250 126 186 111 223 251 221 78 123 183 249 89 24 254 155 181 234 174 235 100 255 
24 168 223 207 34 219 244 239 251 184 126 221 127 183 251 234 141 218 94 233 253 249 246 216 57 155 172 235 174 93 236 249 
67 7 129 154 65 14 5 15 166 100 46 4 17 253 61 39 229 237 125 216 104 95 87 7 190 116 46 138 93 127 254 189 
67 6 9 154 73 30 7 13 164 102 46 4 17 63 63 39 197 201 207 216 112 90 117 202 189 149 46 219 15 255 222 170 
165 205 236 204 36 127 223 246 189 213 255 201 79 57 94 141 121 220 109 76 38 95 87 54 255 148 189 200 93 57 124 206 
198 234 154 109 233 216 208 199 190 185 14 239 151 182 251 249 246 234 109 203 254 220 159 137 239 63 57 250 221 59 252 220 
97 207 5 218 233 223 35 123 237 117 46 207 179 125 124 173 159 220 94 207 191 253 221 48 63 223 126 249 30 59 252 253 
146 201 206 207 233 90 212 130 62 17 54 203 174 123 94 152 219 217 206 222 39 89 92 174 127 177 61 250 190 254 110 250 
56 191 188 214 38 223 223 49 127 212 151 227 253 127 120 23 56 234 255 200 42 93 177 247 248 180 254 141 95 181 127 232 
97 206 21 139 233 223 131 121 255 117 14 207 177 125 125 173 187 220 126 207 255 253 223 176 63 221 60 201 190 125 108 253 
7 6 0 170 201 10 4 11 36 64 174 39 48 191 45 37 123 204 104 43 239 221 219 9 252 103 245 168 188 42 109 220 
65 205 155 250 33 222 117 15 189 228 45 136 19 253 125 175 251 220 206 239 247 255 252 246 61 221 127 221 62 189 126 236 
67 7 9 154 199 158 7 9 164 102 59 6 153 237 61 39 193 201 94 91 233 90 118 176 61 49 46 203 142 255 78 170 
199 201 207 221 232 94 85 138 188 61 54 219 143 251 222 136 186 184 255 239 254 253 219 229 223 119 255 252 253 123 223 252 
233 15 228 50 203 175 39 50 173 101 70 75 154 251 54 15 171 222 206 75 190 253 213 22 59 213 46 201 30 125 124 253 
69 7 17 184 201 140 47 73 164 110 43 4 145 237 189 53 187 221 236 254 39 221 93 11 255 223 189 250 191 106 116 94 
69 7 16 188 1 206 36 71 36 100 43 5 16 173 189 183 159 201 206 252 39 121 124 162 61 191 125 202 30 255 126 250 
7 7 9 154 7 156 5 9 164 102 59 4 153 47 61 39 253 254 239 72 238 95 215 247 251 85 254 219 95 253 126 236 
7 6 12 152 7 31 6 55 38 102 63 4 24 61 61 39 168 204 94 111 163 217 250 137 63 211 47 238 188 63 237 253 
99 7 129 130 207 134 143 11 230 71 19 70 187 109 48 21 112 233 187 122 32 94 124 39 205 130 125 152 115 182 93 186 
3 198 1 138 137 140 135 9 166 68 46 68 145 61 125 37 111 205 40 122 35 95 84 3 60 244 5 168 48 190 109 206 
46 234 43 107 55 89 218 141 222 154 157 254 49 22 255 253 251 220 127 79 183 125 221 250 255 245 253 251 191 189 110 255 
232 235 239 219 119 127 241 191 252 213 206 239 255 190 255 239 173 222 108 64 252 127 247 115 189 93 238 203 206 93 92 173 
235 30 228 180 111 174 59 114 165 111 243 195 207 233 22 15 26 218 95 233 190 249 220 176 95 159 127 220 223 116 93 248 
135 201 207 237 160 220 221 136 191 149 55 203 143 123 94 152 215 200 223 253 248 88 125 202 191 53 47 219 143 255 222 186 
35 204 137 171 207 222 215 13 255 85 60 201 185 127 125 189 112 171 191 223 96 95 244 247 219 188 126 157 85 245 219 170 
7 6 1 138 9 140 5 77 166 100 46 4 17 63 189 39 172 205 126 221 35 93 248 131 63 223 47 206 158 127 253 253 
15 6 172 172 39 253 60 119 53 254 255 133 88 61 61 167 41 238 255 205 234 253 177 245 248 252 238 141 93 117 123 173 
133 200 205 237 248 92 245 200 188 21 38 219 143 123 222 136 195 201 92 251 161 88 84 128 63 147 47 202 174 255 78 186 
71 6 128 168 201 142 36 71 36 102 42 4 16 239 189 53 232 205 222 123 235 91 240 139 125 251 174 238 190 254 236 239 
65 205 191 216 1 223 117 127 189 230 173 136 83 173 253 175 187 221 111 255 191 253 221 252 255 255 255 217 255 249 124 253 
255 250 251 245 255 240 249 248 222 191 246 255 239 219 211 253 118 177 210 191 219 130 158 201 198 2 177 50 181 66 131 84 
255 239 242 255 243 95 125 203 205 245 253 254 247 254 246 126 36 238 253 204 32 95 213 71 255 84 14 205 95 53 254 221 
193 201 142 253 97 122 124 178 61 191 117 203 142 185 86 138 251 220 254 231 55 255 251 247 61 255 254 253 62 191 244 254 
191 251 239 203 55 127 219 188 252 223 246 254 255 58 127 239 251 221 109 222 255 127 95 58 255 85 255 251 111 93 124 253 
253 251 251 255 51 123 253 202 239 215 169 254 247 158 246 127 184 250 255 203 234 221 209 236 255 159 46 255 255 62 255 248 
133 238 87 79 152 76 165 248 186 149 38 219 143 123 222 136 133 206 78 79 233 88 245 146 57 189 46 207 14 127 204 169 
236 251 255 217 250 127 240 247 252 217 198 175 247 244 255 237 187 222 127 239 255 253 223 153 191 255 252 251 191 57 116 253 
163 222 139 207 253 90 213 159 255 217 46 207 163 95 111 189 251 253 238 94 55 127 93 187 255 255 189 250 63 187 228 255 
78 234 139 219 59 217 209 206 159 187 132 188 179 222 255 239 185 205 254 253 170 117 241 247 61 221 126 221 31 125 219 236 
85 250 87 159 125 211 130 186 90 184 254 191 228 151 201 122 173 223 124 75 253 253 247 88 189 85 44 235 174 123 236 237 
35 206 1 203 233 220 131 9 239 95 42 207 179 127 124 189 152 217 206 223 183 253 248 246 61 253 126 221 30 189 255 239 
193 206 154 203 233 218 246 149 59 249 46 203 130 87 239 169 45 222 254 201 251 255 247 246 189 220 206 221 93 125 255 237 
3 7 12 138 7 159 6 55 54 94 22 5 24 61 61 5 243 221 76 182 255 42 87 26 127 101 189 251 174 251 100 223 
7 7 144 184 201 140 4 71 38 102 42 4 16 239 189 53 77 237 238 216 32 255 117 51 61 247 111 138 223 255 124 143 
216 250 247 205 106 127 165 246 250 181 222 221 95 181 127 202 185 253 255 222 110 127 215 55 127 212 255 233 127 125 124 252 
218 219 10 231 231 114 222 128 63 223 127 202 158 185 115 191 250 251 187 207 166 221 217 141 223 151 63 222 223 182 123 254 
133 206 139 205 253 216 213 159 189 217 46 207 131 95 239 173 232 207 110 217 247 127 215 185 189 221 172 239 191 253 126 239 
129 201 223 207 248 94 247 202 190 21 38 219 143 123 222 152 193 206 223 75 248 218 215 200 187 149 46 223 143 127 206 169 
71 6 144 170 201 74 4 79 38 96 42 37 48 239 175 181 109 255 255 249 120 255 225 215 124 252 204 173 87 254 255 239 
229 205 235 219 33 156 255 8 61 255 46 202 131 63 220 175 248 222 239 235 247 253 255 249 253 255 252 250 255 189 254 239 
190 250 110 233 255 253 251 184 252 223 214 255 255 60 127 236 59 221 252 90 39 223 222 51 127 222 212 234 188 126 109 220 
179 95 1 86 228 142 149 34 206 5 63 83 163 91 88 148 193 207 206 94 244 127 117 18 57 117 45 202 142 249 108 139 
67 6 9 152 201 156 7 9 164 102 43 6 145 237 61 37 219 201 206 223 39 89 93 160 63 183 61 202 159 252 126 234 
221 239 179 29 0 203 44 230 201 167 249 190 210 132 206 234 145 232 159 95 32 216 212 230 251 189 46 201 214 181 79 186 
225 15 228 118 201 174 105 2 189 125 2 107 174 235 164 15 167 254 111 111 190 252 221 156 251 255 46 201 78 95 108 253 
144 239 147 95 0 203 132 167 203 145 124 223 242 182 79 170 248 217 254 255 119 127 249 254 61 253 126 221 63 253 254 255 
13 226 69 207 190 185 247 120 252 21 214 251 249 123 253 65 133 207 237 216 49 253 117 90 189 127 44 218 143 251 252 207 
99 6 0 154 199 142 14 1 102 102 59 6 184 175 61 55 60 217 124 250 35 221 124 73 191 123 173 186 189 254 252 254 
58 156 238 239 63 253 220 185 255 251 255 239 175 125 121 253 147 145 8 118 39 184 222 48 82 187 247 227 170 83 68 18 
67 15 130 190 201 10 4 7 36 64 46 5 18 255 47 61 59 221 108 127 39 249 217 57 253 219 245 234 190 121 108 31 
35 7 5 138 71 71 3 59 228 68 22 5 57 125 57 5 20 234 159 201 160 217 244 228 89 217 126 221 209 53 219 168 
69 7 17 156 0 140 46 65 33 198 43 132 208 165 189 35 193 207 94 94 113 90 85 242 123 53 46 223 46 255 206 170 
227 6 236 22 103 191 31 48 181 117 23 195 142 185 54 7 163 222 51 103 252 236 215 20 187 117 46 201 142 93 76 189 
191 255 238 222 55 95 221 187 95 221 213 255 255 254 118 94 251 205 108 250 39 220 95 9 63 95 189 234 191 251 124 158 
247 237 250 252 113 94 249 202 31 223 239 254 103 255 222 252 62 217 254 216 39 223 221 14 63 215 189 216 159 125 124 252 
226 200 239 222 236 78 85 250 254 61 182 219 239 249 94 138 173 239 239 73 254 255 231 113 189 213 198 203 207 121 254 205 
193 222 154 235 233 90 246 133 123 217 46 235 162 87 111 185 127 251 237 127 54 253 223 56 253 183 255 250 255 127 124 222 
69 7 0 184 1 14 36 67 36 100 43 6 144 239 189 39 186 221 108 254 55 125 92 35 253 247 125 254 191 254 126 254 
199 201 207 220 34 94 93 142 191 191 53 202 155 185 118 202 193 223 222 88 225 188 117 82 63 119 45 202 142 249 236 63 
186 205 238 255 39 125 216 169 61 219 255 234 191 185 126 238 205 206 238 73 239 251 246 240 57 153 174 235 222 125 111 237 
255 239 251 253 241 220 117 203 77 245 197 254 243 254 214 222 44 238 253 232 232 254 247 69 252 84 14 205 221 119 254 157 
179 38 163 35 205 244 163 121 209 251 242 119 227 65 2 36 187 249 239 203 54 255 211 190 255 157 244 251 255 59 127 236 
69 39 152 152 64 30 38 71 34 102 47 4 16 247 191 35 232 205 110 123 227 121 242 153 61 251 238 238 190 188 110 239 
207 201 239 253 102 95 95 206 189 183 245 202 223 249 118 202 235 221 238 246 55 127 93 51 253 253 254 203 63 188 124 239 
133 233 205 207 184 92 245 248 252 21 38 219 143 123 222 136 133 219 92 73 181 249 245 48 63 29 44 203 142 121 124 141 
3 7 17 186 9 8 37 79 166 66 43 4 17 109 45 53 108 238 255 233 232 127 163 197 124 254 140 173 85 252 255 237 
1 7 140 136 1 95 4 119 37 198 47 132 16 189 61 167 187 253 78 42 183 249 217 26 254 27 181 250 174 235 100 253 
69 7 189 152 193 31 39 125 164 102 171 6 81 237 191 39 47 204 108 108 239 127 255 7 189 94 125 200 28 123 126 221 
191 239 250 226 249 94 255 203 92 95 207 126 243 127 214 252 60 174 255 204 42 127 176 119 249 244 222 205 95 181 95 168 
236 217 111 205 247 255 223 249 189 223 255 202 223 61 127 239 186 221 238 223 39 221 220 169 127 251 127 238 190 254 110 254 
