141 111 135 30 255 60 191 227 251 61 254 119 127 231 223 190 
0 16 0 8 112 12 16 38 143 223 234 245 127 186 223 27 
199 199 199 199 191 131 131 131 227 222 90 79 255 190 223 153 
225 6 97 6 209 0 7 48 187 245 89 119 180 168 127 88 
32 0 7 159 0 7 27 56 136 203 19 235 224 249 166 209 
243 224 33 135 219 2 131 129 255 246 116 225 255 179 38 249 
190 255 255 63 255 127 247 255 124 42 239 249 54 255 163 247 
96 224 64 124 0 238 224 0 125 255 255 252 55 63 245 122 
255 254 255 255 255 255 2 127 178 222 124 239 175 220 212 33 
0 14 224 0 225 0 239 224 44 134 36 136 8 207 162 117 
16 152 169 32 150 193 6 6 33 6 37 10 4 158 7 51 
0 0 8 0 249 0 253 248 253 47 247 245 112 111 227 243 
249 243 227 225 225 225 241 224 254 251 251 255 118 119 252 191 
71 143 155 128 159 129 12 31 196 41 146 125 1 66 224 231 
0 8 24 56 60 145 56 255 204 170 146 121 137 224 174 196 
251 243 193 255 192 255 223 64 198 202 27 231 249 146 219 136 
255 255 255 255 255 255 255 255 253 189 255 87 255 163 255 250 
0 0 0 0 239 0 195 133 121 191 214 127 240 190 230 116 
0 213 224 0 224 0 145 224 249 219 247 215 255 103 251 254 
56 56 0 124 0 0 0 0 60 44 255 168 26 111 161 255 
8 31 255 12 233 30 238 246 255 253 254 126 54 111 120 55 
32 8 0 96 0 192 0 16 59 23 56 117 239 181 154 81 
3 135 147 0 17 0 12 25 255 250 247 247 255 246 251 248 
251 179 1 135 183 2 3 135 216 9 223 213 106 215 248 247 
255 255 255 255 0 227 80 255 243 21 247 214 118 135 95 62 
131 255 255 124 255 254 63 56 254 249 247 247 247 237 217 253 
241 241 209 255 255 251 251 251 68 7 84 144 128 141 4 113 
238 226 159 230 191 224 3 190 59 222 124 79 175 189 223 56 
147 139 199 255 57 255 255 239 124 185 255 249 120 255 247 127 
126 255 189 220 255 159 239 207 13 10 198 245 120 251 174 246 
126 56 32 36 225 115 131 129 223 253 219 127 127 226 219 142 
255 24 60 7 102 48 3 129 77 41 142 119 41 251 242 62 
48 179 4 191 4 129 192 14 199 45 130 85 221 98 78 147 
195 131 131 60 59 3 159 91 126 254 239 255 63 255 255 255 
255 255 255 255 255 255 255 255 254 220 239 247 255 255 219 187 
0 15 31 247 63 28 62 255 187 188 251 103 255 248 251 141 
14 226 255 27 8 60 120 159 249 217 223 254 55 123 121 126 
59 191 191 255 191 59 165 255 254 221 255 253 239 127 255 255 
255 231 227 195 201 1 129 63 254 185 251 255 119 231 249 255 
255 255 255 255 255 255 255 255 109 255 254 253 127 255 245 126 
31 192 233 7 193 34 241 225 250 57 255 255 126 167 223 143 
62 247 227 255 224 31 241 96 147 220 24 79 237 88 214 136 
255 160 255 207 120 252 255 120 91 25 217 252 233 170 122 78 
0 0 14 0 34 1 194 32 242 201 222 215 99 95 220 171 
255 255 255 255 255 0 1 2 200 201 143 223 234 223 219 191 
199 255 255 56 255 94 199 199 248 250 223 219 238 221 196 177 
56 56 56 255 124 129 129 1 60 36 165 128 202 205 162 117 
255 255 31 127 223 253 255 193 250 185 221 119 126 59 218 172 
255 255 255 15 255 133 68 8 45 142 238 137 139 221 167 124 
255 255 63 159 0 240 96 0 68 15 130 242 64 2 100 195 
131 129 0 0 0 0 255 0 24 3 147 151 11 129 136 45 
0 0 0 191 0 7 255 128 53 38 117 134 48 205 39 124 
116 19 1 64 112 60 127 112 238 207 238 217 255 255 199 223 
69 148 44 128 240 26 124 254 235 222 111 237 255 189 255 248 
94 207 243 94 159 159 14 159 252 204 186 255 201 207 254 237 
255 239 199 243 135 193 193 255 236 186 246 227 253 254 171 208 
24 223 3 8 1 8 6 135 196 238 223 91 56 219 126 117 
216 56 16 124 124 255 255 255 202 204 138 223 239 91 222 143 
112 96 0 248 32 219 248 120 252 63 247 213 250 175 227 243 
32 120 243 225 197 249 251 251 255 253 255 255 255 255 223 255 
12 30 60 62 126 126 152 60 250 252 255 255 254 255 219 253 
0 24 56 60 191 253 239 163 175 254 239 125 190 117 253 222 
128 8 24 0 255 68 26 252 90 217 154 124 38 99 124 39 
0 0 8 0 44 0 0 66 61 172 255 237 58 253 241 119 
56 120 143 0 252 0 0 252 204 72 239 145 74 95 163 247 
0 32 255 0 255 0 255 255 253 253 239 245 126 191 255 251 
159 255 255 62 255 30 31 159 61 191 245 244 88 111 101 122 
0 226 96 24 192 60 189 184 101 55 181 52 92 162 34 94 
10 24 189 60 255 2 255 255 92 169 223 216 106 215 118 103 
223 236 251 223 243 189 255 243 190 249 249 251 55 249 253 125 
131 131 129 32 4 120 28 120 191 254 187 45 252 244 191 252 
56 56 56 251 207 254 252 251 255 255 255 255 255 255 223 153 
1 60 48 124 96 255 243 225 13 6 148 169 137 253 162 117 
28 124 124 63 76 31 0 0 223 250 222 127 255 248 254 152 
215 215 199 215 215 143 109 227 250 204 255 155 162 221 93 207 
2 19 33 12 64 18 45 132 232 43 103 113 254 119 171 249 
224 14 254 98 225 236 255 204 250 249 187 247 55 255 92 159 
255 127 183 226 135 71 240 32 255 253 254 127 255 250 255 190 
255 0 31 31 224 207 207 0 127 254 239 255 255 255 255 252 
255 255 255 199 207 3 251 255 254 249 255 253 54 119 253 254 
8 24 32 60 232 102 67 198 77 6 45 185 235 183 175 248 
0 30 49 4 241 68 31 185 233 201 206 95 251 79 251 246 
0 0 255 0 243 24 60 62 191 255 255 103 255 121 223 152 
8 16 48 12 248 30 191 252 124 246 125 184 190 253 63 125 
255 255 35 255 248 30 253 253 251 221 222 107 119 250 223 158 
0 31 191 4 253 12 202 159 15 143 196 240 9 186 164 67 
228 76 249 164 248 208 100 250 59 53 125 190 62 53 63 113 
0 12 226 0 192 192 30 0 233 31 247 118 113 38 115 126 
62 28 60 46 6 30 27 147 201 205 167 245 225 239 255 248 
8 24 56 28 255 30 127 159 253 252 255 239 254 253 247 249 
243 240 225 241 224 225 51 224 250 248 255 255 255 255 255 250 
205 31 255 33 249 161 1 0 60 43 247 245 59 237 241 127 
0 0 12 215 209 84 84 86 188 250 247 237 254 255 191 249 
139 32 128 205 81 191 128 0 187 215 245 214 55 119 221 123 
236 250 24 126 227 255 255 248 127 249 251 255 55 179 217 138 
24 56 48 60 123 193 255 253 66 203 138 222 98 155 22 7 
45 16 62 44 254 24 63 109 254 250 231 253 254 167 255 254 
255 255 241 255 255 56 255 199 107 5 109 152 7 133 23 77 
207 223 0 135 199 0 3 131 234 206 46 125 239 253 254 249 
40 56 56 223 126 207 255 225 255 253 255 255 255 61 93 219 
63 255 120 127 56 31 255 124 153 218 222 201 255 123 246 178 
